  1925 1926 1927 1928 1929 1930 1931 1932 1933 1934 1935 1936 1937 1938 1939 1940 1941 1942 1943 1944 1945 1946 1947 1948 1949 1950 1951 1952 1953 1954 1955 1956 1957 1958 1959 1960 1961 1962 1963 1964 1965 1966 1967 1968 1969 1970 1971 1972 1973 1974 1975 1976 1977 1978 1979 1980 1981 1982 1983 1984 1985 1986 1987 1988 1989 1990 1991 1992 1993 1994 1995 1996 1997 1998 1999 2000
                                                                                  
 38030 38884 39731 40537 40568 39466 35887 35490 41572 45599 48520 53952 56979 59071 61441 67393 84388 118031 150946 173484 186664 194183 214667 214229 199581 211665 236923 254095 259670 275439 296467 328857 342997 361593 372158 385499 404943 431302 452839 474654 505006 546304 591282 642258 707810 788562 858033 940343 1054024 1286533 1352168 1426019 1513772 1650373 1876975 2150666 2371322 2508532 2567209 2668565 2782067 2948571 3102605 3262242 3438738 3611576 3732387 3894649 4085616 4322411 4533024 4724756 4942891 5141659 5429791 5742629
 2860 2806 2779 2769 2444 2382 2323 2304 2313 2540 2817 2936 3116 3342 3604 3956 7810 22251 47331 69204 74074 64588 61795 52139 44183 40509 44192 50686 57456 63975 69432 73966 76195 77866 82336 85162 89106 96443 99104 101969 104606 110009 117416 122940 128131 135103 140299 150671 152204 160670 176590 189802 204722 215210 230370 256475 294735 324457 356688 376470 397113 422053 445114 479335 515831 558776 590390 619073 644787 671952 685578 691903 693530 697664 720262 740634
 35170 36078 36951 37768 38125 37084 33564 33186 39258 43059 45702 51015 53863 55729 57837 63437 76578 95781 103615 104280 112590 129594 152872 162089 155398 171156 192731 203409 202214 211464 227034 254890 266802 283727 289822 300337 315838 334859 353736 372685 400400 436296 473865 519319 579678 653459 717734 789672 901820 1125862 1175578 1236218 1309050 1435163 1646605 1894191 2076587 2184075 2210521 2292095 2384954 2526518 2657492 2782907 2922906 3052800 3141998 3275577 3440829 3650459 3847446 4032853 4249361 4443994 4709529 5001994
 8339 8731 9058 9420 9518 9022 8110 7587 8200 8922 9282 11006 12528 13166 14120 15600 18567 23605 26842 28785 32559 38636 48571 49599 48238 54453 63046 65734 68725 74076 77258 86434 91341 96456 101130 104098 109118 114051 119292 126393 136082 148670 161060 178820 201174 223024 249668 271936 304529 361078 381759 411194 453488 506948 579826 652178 713205 755427 790333 831197 864375 910843 966154 1027000 1086437 1139263 1170566 1226775 1297425 1382153 1451213 1527211 1625766 1733525 1857243 1987548
 0 0 0 0 6 10 12 14 18 23 35 107 216 261 332 560 1061 1703 2618 3003 3311 4227 6473 5007 5353 6675 8322 7592 8478 11035 7559 9083 9526 10406 11302 11951 12749 13624 13883 14750 15460 16519 17393 19556 21737 23212 26038 29161 32941 36812 40291 44955 51759 59732 71100 77963 85478 90667 100513 105082 106199 110052 119973 135714 144930 149710 150759 159602 170924 182297 188844 196166 203808 213263 226068 236950
 0 0 0 0 0 0 0 0 2 14 18 63 109 163 184 331 1701 5325 7017 7958 9533 11226 12466 13173 12574 12659 14694 16070 17191 17975 18944 20574 22012 22577 20911 20117 20472 20182 20358 20189 21583 22625 24883 24506 26006 27687 30020 29135 31919 38360 37226 37676 39163 41656 46596 53000 58129 60216 60202 61205 62695 64661 67011 68390 70541 72673 72869 73487 73988 75811 77751 79670 81613 83254 84960 87101
 5743 6001 6189 6387 6388 5972 5248 4763 5039 5397 5547 6418 7115 7343 7781 8310 8880 9361 9708 10018 11074 12980 16749 17839 17299 19648 22745 23881 24940 26226 29839 34201 36267 38737 42079 44236 46785 49356 52045 56282 60762 67710 74014 84145 95422 107035 119147 131163 147092 174003 184172 197583 217057 240833 272561 304439 328728 344879 355677 371574 384567 403218 421170 441079 463113 482290 494367 517316 545561 580596 610090 642801 687750 737142 795143 858632
 890 935 988 1067 1101 1080 1001 966 1064 1159 1198 1382 1551 1628 1747 1887 2024 2138 2250 2372 2693 3228 4167 4486 4571 5401 6362 6727 6937 6954 7618 8345 8532 8749 9366 9584 9875 10215 10742 11212 11861 12543 13227 14590 16563 18838 21505 23490 25493 31111 32460 34601 37255 41284 47027 53687 60483 65929 70010 74650 78092 81302 85343 89525 93762 98393 100585 103285 107856 113632 118787 124140 131606 138991 145587 153102
 1706 1795 1881 1966 2023 1960 1848 1843 2077 2329 2484 3036 3537 3772 4075 4512 4901 5078 5249 5434 5948 6975 8717 9095 8441 10070 10924 11464 11179 11886 13299 14231 15005 15986 17472 18209 19236 20675 22264 23961 26416 29274 31543 36023 41445 46252 52957 58988 67085 80793 87609 96380 108254 123444 142543 163089 180387 193735 203931 218685 232821 251610 272658 292292 314090 336198 351986 373084 399095 429816 455740 484434 520990 560875 605485 651763
 15718 15979 16226 16319 16415 16097 14304 14724 18224 19848 20962 22062 21685 22017 22380 24631 30861 37139 37420 34690 34868 37843 44421 47892 43795 49256 55379 58325 53727 56222 62454 71719 73881 80071 80486 84010 89581 97599 105352 111187 121982 135712 148754 161287 181688 211999 226529 246344 290389 385672 382879 378303 383697 405402 468491 564893 646618 673804 649574 648822 680004 734063 779786 794772 826828 868830 888929 909598 941245 1004446 1074635 1128995 1193079 1237855 1324744 1423833
 4472 4401 4216 4039 3804 3448 3023 2856 3098 3280 3435 3651 3685 3648 3744 4338 7096 14617 17875 18422 20675 24241 27167 27465 25718 28206 32149 33769 32801 33073 35391 39115 40013 43241 43556 44454 45823 47543 48744 49761 49718 51549 55321 59174 63738 70575 74908 89644 105118 125824 126994 141416 140245 151687 173052 191786 187763 189564 188737 201895 211326 226523 226566 236081 245367 248605 260899 276110 294888 307417 317618 325722 334332 340601 350967 361900
 1583 1625 1681 1755 1834 1860 1779 1738 2206 2726 3478 4381 5108 5563 5957 6502 6811 7140 7895 8295 9712 12147 13918 15796 16173 15881 17310 18628 19040 19204 20461 22745 24121 24747 25185 26340 27839 29458 31238 33282 35837 38755 41891 45397 49677 53986 59449 64172 69588 82548 95393 102189 109659 118829 132791 149371 164984 174888 177764 182554 187223 191205 195598 203667 214940 223275 230527 234684 241831 251137 265622 279623 291595 294276 303757 317470
 1641 1760 1906 2071 2163 2169 1995 1899 2149 2386 2568 2994 3318 3515 3666 3919 4145 4200 4520 4777 4807 5492 6088 7033 7279 8271 8733 9506 10265 10833 11923 13311 14545 15237 14775 15664 16586 17802 19016 20125 21517 23232 24710 27465 30166 34113 40215 44716 49746 62852 69894 77625 86824 99844 115704 131483 138225 147917 154072 165180 169406 177162 185605 198187 207658 214950 220634 238068 253560 268181 277527 289851 298175 310157 319105 326864
 1928 2038 2144 2240 2332 2387 2226 2131 2412 2638 2802 3126 3347 3434 3477 3705 3949 4027 4369 4642 4701 5375 5947 6810 6974 7839 8242 8920 9514 9937 10856 12061 13047 13495 13722 14255 14691 15162 15656 16456 17995 19223 20599 22962 24907 27252 30769 33269 36299 46578 52600 54718 59634 67259 76714 86016 89767 95680 99069 106070 108968 114391 120067 128126 134420 139592 143839 154693 164157 173869 179966 188501 195093 205179 213810 221520
 1489 1545 1721 1924 2059 2101 2127 2252 2968 3259 3177 3796 4191 4386 4493 4743 5149 5052 4693 4669 5267 5859 6760 7494 7221 7249 7872 8527 8141 8118 8691 9505 9854 10481 10969 11517 12200 13245 14438 15482 17268 19156 21531 24213 28329 32510 36196 39592 46149 61310 66060 70771 75503 85194 100026 118464 136025 146795 150973 156378 163651 172331 183716 195075 207256 218284 226604 235648 247723 263255 280866 292949 311321 322400 339902 362860
                                                                                  
 9168 8992 8702 8482 7893 7451 6832 6676 7562 8591 9884 11380 12578 13351 14000 15711 24429 50901 82708 106827 117424 116596 121705 113025 102959 102693 114318 124199 131110 141159 147393 159798 165855 172287 176502 180468 187611 198674 204694 209977 216927 228058 243545 256205 271694 290932 308631 338234 363859 411377 436502 470390 493187 528408 586729 652727 709137 752531 791342 826493 855560 895487 929450 985920 1039464 1087074 1129791 1176047 1228962 1279232 1314386 1343208 1366952 1381353 1423500 1463280
 6793 6589 6262 5982 5335 4895 4377 4165 4387 4589 4798 5145 5390 5529 5703 6523 13936 39718 70428 94168 103108 99256 101815 91207 81042 79885 90547 98112 105319 114806 119328 130318 134745 140202 143376 145977 151227 159303 161952 164084 166219 172062 183145 190576 199985 213214 223932 247459 264706 293690 305853 331646 343883 364736 402754 443609 476320 506018 538774 563952 582886 612148 633445 676102 712042 743057 772934 806788 842052 873475 885056 890902 892583 890646 906468 919562
 2321 2188 2046 1943 1531 1447 1354 1309 1287 1294 1336 1354 1415 1498 1549 1618 4653 18873 43822 65759 70632 60822 57350 47357 39495 34909 38606 44568 51245 57489 62509 66934 68880 70167 74288 76606 80007 86568 87919 89075 89789 92828 98009 101603 104698 109414 113028 121811 120300 122053 133449 143250 154152 159042 167277 184272 214493 239125 265304 276864 288013 302470 316995 338380 359359 384707 403780 420106 432988 447471 446240 440813 430449 418308 418805 416634
  NaN   NaN   NaN   NaN   NaN   NaN   NaN   NaN   NaN   NaN   NaN   NaN   NaN   NaN   NaN   NaN   NaN   NaN   NaN   NaN   NaN   NaN   NaN   NaN   NaN   NaN   NaN   NaN   NaN   NaN   NaN   NaN   NaN   NaN   NaN   NaN   NaN   NaN   NaN   NaN   NaN   NaN   NaN   NaN   NaN   NaN   NaN  41586 41579 41248 43580 44902 46786 49020 52964 57758 71499 84960 99008 95035 90879 88095 87271 90958 95309 103336 105435 104662 109946 117676 117260 115992 111284 105934 104476 103099
  NaN   NaN   NaN   NaN   NaN   NaN   NaN   NaN   NaN   NaN   NaN   NaN   NaN   NaN   NaN   NaN   NaN   NaN   NaN   NaN   NaN   NaN   NaN   NaN   NaN   NaN   NaN   NaN   NaN   NaN   NaN   NaN   NaN   NaN   NaN   NaN   NaN   NaN   NaN   NaN   NaN   NaN   NaN   NaN   NaN   NaN   NaN  17540 16012 16087 18331 22800 25055 21360 16904 18035 19326 21193 24932 29150 32857 37140 41266 44865 48303 53950 56688 63836 67836 67042 64746 59915 57469 55219 52578 49527
  NaN   NaN   NaN   NaN   NaN   NaN   NaN   NaN   NaN   NaN   NaN   NaN   NaN   NaN   NaN   NaN   NaN   NaN   NaN   NaN   NaN   NaN   NaN   NaN   NaN   NaN   NaN   NaN   NaN   NaN   NaN   NaN   NaN   NaN   NaN   NaN   NaN   NaN   NaN   NaN   NaN   NaN   NaN   NaN   NaN   NaN   NaN  25089 26801 30389 32639 35164 40071 44126 49345 53648 58435 61521 67107 73106 76977 81599 85569 91162 96332 101948 108494 111356 112944 118341 119430 117087 113785 108624 109218 108714
  NaN   NaN   NaN   NaN   NaN   NaN   NaN   NaN   NaN   NaN   NaN   NaN   NaN   NaN   NaN   NaN   NaN   NaN   NaN   NaN   NaN   NaN   NaN   NaN   NaN   NaN   NaN   NaN   NaN   NaN   NaN   NaN   NaN   NaN   NaN   NaN   NaN   NaN   NaN   NaN   NaN   NaN   NaN   NaN   NaN   NaN   NaN  8841 6857 4943 8072 7521 7722 7844 8322 10559 15214 17975 17535 16997 17620 19781 20856 22101 22257 22811 23733 25033 24069 23728 20907 20854 19560 18378 19022 17502
  NaN   NaN   NaN   NaN   NaN   NaN   NaN   NaN   NaN   NaN   NaN   NaN   NaN   NaN   NaN   NaN   NaN   NaN   NaN   NaN   NaN   NaN   NaN   NaN   NaN   NaN   NaN   NaN   NaN   NaN   NaN   NaN   NaN   NaN   NaN   NaN   NaN   NaN   NaN   NaN   NaN   NaN   NaN   NaN   NaN   NaN   NaN  16496 14976 13674 12699 11912 11349 11080 11082 11465 12302 13295 14559 16424 18829 21350 23912 26041 27689 29408 29842 30478 31568 32196 32676 33067 33848 35075 37428 39758
  NaN   NaN   NaN   NaN   NaN   NaN   NaN   NaN   NaN   NaN   NaN   NaN   NaN   NaN   NaN   NaN   NaN   NaN   NaN   NaN   NaN   NaN   NaN   NaN   NaN   NaN   NaN   NaN   NaN   NaN   NaN   NaN   NaN   NaN   NaN   NaN   NaN   NaN   NaN   NaN   NaN   NaN   NaN   NaN   NaN   NaN   NaN  12259 14075 15713 18129 20951 23169 25613 28661 32806 37717 40181 42164 46152 50851 54504 58121 63253 69467 73253 79587 84742 86624 88487 91222 93898 94503 95079 96084 98034
 4472 4401 4216 4039 3804 3448 3023 2856 3101 3295 3462 3791 3975 4031 4153 4904 9282 20845 26606 28409 32477 38435 44465 43849 41547 44976 51940 53544 54074 57317 56819 63384 65865 70036 69088 69372 71220 72735 74033 75009 76430 79233 85136 88973 95288 103800 110904 125648 144407 171637 172404 188396 189731 205695 235477 259336 261827 266893 273470 287088 294874 309678 316450 337723 352683 358350 369154 386682 409065 426004 438816 450089 462134 472338 487662 502928
 0 0 0 0 0 0 0 0 2 15 28 140 290 382 409 567 2186 6228 8731 9987 11801 14193 17299 16384 15829 16770 19791 19775 21273 24244 21428 24269 25852 26795 25531 24917 25397 25192 25289 25248 26711 27685 29816 29799 31550 33225 35996 36004 39288 45813 45410 46980 49486 54008 62425 67550 74065 77329 84734 85193 83547 83155 89884 101641 107316 109746 108255 110572 114176 118587 121198 124367 127803 131737 136695 141028
 0 0 0 0 0 0 0 0 0 1 10 78 181 220 225 236 485 902 1714 2029 2269 2967 4833 3211 3254 4111 5098 3705 4081 6269 2484 3695 3840 4218 4672 4919 5144 5287 5266 5465 5608 5635 5562 6027 6497 6621 7179 8240 9036 9725 10749 12328 14013 16875 21564 21946 24928 27084 35161 35422 32989 31269 36355 47288 51497 52505 51156 53474 57251 60723 62370 64458 66655 69455 73209 76055
 0 0 0 0 0 0 0 0 2 14 18 63 109 163 184 331 1701 5325 7017 7958 9533 11226 12466 13173 12574 12659 14694 16070 17191 17975 18944 20574 22012 22577 20859 19999 20254 19905 20023 19783 21104 22049 24254 23772 25053 26604 28817 27764 30252 36087 34662 34652 35473 37134 40861 45604 49137 50245 49573 49771 50558 51885 53529 54353 55819 57240 57099 57098 56925 57864 58828 59909 61148 62282 63486 64973
 4472 4401 4216 4039 3804 3448 3023 2856 3098 3280 3435 3651 3685 3648 3744 4338 7096 14617 17875 18422 20675 24241 27167 27465 25718 28206 32149 33769 32801 33073 35391 39115 40013 43241 43556 44454 45823 47543 48744 49761 49718 51549 55321 59174 63738 70575 74908 89644 105118 125824 126994 141416 140245 151687 173052 191786 187763 189564 188737 201895 211326 226523 226566 236081 245367 248605 260899 276110 294888 307417 317618 325722 334332 340601 350967 361900
 2375 2404 2441 2500 2559 2556 2454 2512 3175 4002 5085 6235 7188 7823 8297 9189 10493 11184 12280 12659 14315 17340 19890 21818 21918 22808 23771 26087 25791 26354 28065 29479 31110 32085 33126 34490 36384 39371 42742 45893 50708 55997 60400 65629 71709 77717 84698 90776 99153 117688 130649 138744 149305 163672 183975 209119 232817 246514 252568 262541 272674 283339 296005 309818 327422 344017 356857 369259 386910 405756 429330 452306 474369 490706 517032 543718
 74 70 70 73 78 86 96 99 119 339 588 652 693 800 937 1154 1924 2177 2401 2395 2391 2557 2990 2991 2853 3340 3118 3468 3409 3266 3138 3063 3122 3192 3334 3424 3594 3992 4740 5799 7011 8428 9648 10557 11375 12202 12747 13023 13875 15697 16898 17585 18724 20635 23136 26449 29430 30864 33055 36365 39298 42156 44680 49049 54042 59628 63458 68040 73008 76342 80446 83439 87972 93609 102242 110625
 2301 2334 2371 2427 2481 2470 2358 2412 3056 3664 4498 5583 6495 7022 7360 8035 8569 9007 9879 10264 11924 14783 16899 18827 19065 19468 20653 22619 22383 23087 24926 26416 27988 28893 29792 31066 32790 35379 38002 40094 43697 47568 50752 55072 60334 65516 71951 77752 85278 101991 113751 121159 130580 143037 160839 182669 203386 215649 219512 226176 233376 241183 251325 260769 273381 284389 293399 301219 313902 329414 348883 368867 386397 397097 414790 433094
 655 642 623 608 594 563 533 606 736 825 896 1109 1329 1402 1400 1509 1638 1653 1726 1814 1972 2350 2833 2869 2521 3442 3478 3976 3510 3850 4309 3977 4255 4374 4826 4990 5289 6007 6836 7311 8510 9634 10039 11188 12518 13486 14918 16159 17913 21232 22263 24112 26915 30779 35268 40658 45583 48812 51332 54681 57794 61265 66758 70025 73457 77377 80275 84588 90147 95666 100562 105985 112350 119790 127267 134200
 0 0 0 0 0 0 0 0 0 0 0 0 0 0 0 0 0 0 0 0 0 0 0 0 0 0 0 0 0 0 0 0 0 0 52 119 219 276 335 406 479 575 629 734 953 1083 1203 1371 1666 2272 2565 3023 3690 4522 5735 7396 8992 9972 10628 11434 12137 12776 13482 14036 14722 15433 15769 16390 17063 17947 18923 19760 20465 20972 21474 22128
 0 0 0 0 1 2 3 7 10 12 14 18 22 23 26 28 30 35 41 44 50 69 152 154 151 149 165 175 166 171 211 215 257 231 251 283 297 331 342 369 379 436 450 496 542 582 651 705 811 961 991 1034 1116 1226 1391 1552 1666 1734 1772 1820 1849 1869 1939 1974 2014 2037 2027 2064 2121 2198 2236 2267 2324 2388 2463 2547
 0 0 0 0 1 3 6 12 18 21 25 33 40 43 42 48 55 60 69 76 89 122 183 277 423 606 790 889 951 866 998 1073 1120 1055 1068 1109 1157 1195 1268 1359 1466 1547 1599 1741 1933 2165 2456 2668 2869 3444 3579 3804 4144 4687 5402 6243 7213 7998 8638 9393 10037 10677 11491 12308 13084 13939 14343 14771 15569 16539 17486 18554 20105 21400 22465 23431
 655 642 623 608 592 558 524 586 708 791 857 1058 1267 1336 1332 1432 1553 1558 1616 1695 1832 2159 2498 2437 1947 2687 2524 2912 2393 2813 3100 2689 2878 3088 3455 3479 3617 4204 4890 5177 6186 7076 7360 8218 9090 9656 10609 11414 12567 14555 15129 16251 17964 20344 22741 25467 27711 29109 30294 32035 33771 35943 39846 41707 43637 45969 48135 51364 55394 58983 61917 65403 69455 75030 80865 86094
 49 57 63 70 76 84 88 109 178 244 321 370 385 404 411 454 572 680 707 660 631 691 813 930 854 950 1054 1119 1003 1046 1190 1276 1405 1519 1502 1605 1697 1905 2087 2218 2446 2770 3063 3375 3806 4446 4819 5264 6168 8297 8218 8252 8539 9088 10647 12919 15166 15905 15365 15253 15881 16938 17783 17840 18128 18562 18520 18447 18672 19597 20539 21161 21764 21924 22730 23704
 1582 1619 1665 1720 1771 1777 1687 1634 2065 2505 3194 3995 4621 5017 5347 5865 6155 6454 7174 7541 8932 11323 12895 14686 15064 14747 16043 17215 17656 17774 18912 20956 22123 22692 23046 24044 25356 26753 28185 29838 31831 34142 36542 39230 42571 45973 50386 54282 58788 69300 79914 85365 91478 99084 110434 123695 136461 144405 146309 149599 152611 154916 157615 163277 171340 176983 181951 184521 189396 195907 206762 218164 226456 227403 233757 241087
 14 16 19 29 41 47 51 63 77 90 87 108 161 200 203 207 204 220 272 248 389 420 358 342 626 329 78 310 213 417 515 207 206 309 417 427 448 713 895 727 909 1022 1108 1279 1439 1611 1827 2048 2408 3163 3356 3430 3648 4086 4490 5397 6177 6527 6506 6642 7091 8065 9169 9626 10456 11466 12652 13662 15687 18244 21021 23556 25827 27980 31036 34102
                                                                                  
 28862 29892 31028 32055 32675 32015 29055 28814 34009 37008 38636 42572 44400 45720 47441 51682 59959 67130 68238 66657 69240 77586 92962 101204 96622 108973 122606 129895 128560 134280 149074 169059 177142 189306 195657 205031 217332 232629 248145 264677 288079 318246 347737 386053 436116 497630 549403 602109 690164 875155 915666 955629 1020585 1121965 1290246 1497939 1662185 1756001 1775867 1842072 1926506 2053084 2173155 2276323 2399274 2524502 2602596 2718602 2856654 3043179 3218638 3381548 3575939 3760306 4006292 4279349
 465 548 663 752 835 849 873 896 908 908 894 931 1008 1044 1118 1184 1232 1201 1109 1050 1051 1210 1454 1791 1835 2260 2468 2650 2803 3220 3785 3969 4193 4508 4714 5132 5505 5884 6445 7095 7805 8752 9760 10779 12059 13487 14524 15836 18029 22921 26242 28967 31846 35533 39957 45754 50812 54468 58329 63241 69802 77427 83438 91907 102431 114441 123151 130927 138791 148139 158891 167651 175109 185747 199215 213376
 28397 29343 30365 31302 31840 31166 28182 27918 33102 36100 37742 41641 43392 44676 46323 50498 58727 65929 67129 65607 68189 76376 91507 99413 94786 106712 120137 127246 125758 131060 145289 165090 172948 184798 190943 199899 211828 226745 241700 257582 280274 309494 337977 375274 424057 484143 534879 586272 672135 852234 889423 926662 988739 1086432 1250289 1452185 1611373 1701533 1717539 1778831 1856704 1975657 2089717 2184416 2296843 2410061 2479445 2587675 2717862 2895040 3059747 3213897 3400830 3574559 3807077 4065973
 7684 8089 8435 8812 8924 8460 7577 6981 7462 8082 8358 9757 10909 11382 12311 13524 14743 15724 16385 16984 18786 22093 28440 30346 29889 34241 39776 41983 43942 45983 51522 58188 61234 65287 70772 74191 78431 82852 87167 93833 100860 111351 121205 137833 157105 176313 198753 219774 247328 294034 314086 340102 377087 422161 482133 543970 593558 629286 654267 691323 723034 766423 809513 855334 905665 952140 982036 1031614 1093102 1167899 1229453 1296859 1385614 1481998 1593281 1712320
 0 0 0 0 6 10 12 14 18 22 25 30 35 41 108 324 576 800 903 975 1042 1259 1640 1796 2099 2564 3224 3887 4396 4766 5075 5388 5685 6188 6630 7033 7605 8337 8617 9284 9852 10883 11831 13529 15240 16591 18860 20921 23905 27087 29543 32628 37746 42857 49536 56016 60551 63583 65353 69661 73210 78782 83619 88426 93433 97204 99603 106128 113672 121574 126474 131709 137153 143808 152858 160895
 5743 6001 6189 6387 6387 5970 5245 4756 5028 5385 5533 6400 7093 7319 7755 8282 8850 9325 9668 9974 11024 12911 16597 17684 17147 19499 22580 23706 24774 26055 29628 33986 36010 38506 41828 43953 46489 49024 51703 55912 60384 67273 73564 83650 94880 106453 118496 130457 146281 173042 183181 196550 215941 239607 271170 302888 327062 343145 353906 369755 382719 401350 419231 439105 461099 480253 492340 515253 543441 578398 607854 640533 685425 734754 792681 856084
 890 935 988 1067 1100 1078 996 954 1046 1138 1173 1349 1511 1586 1705 1839 1969 2078 2181 2296 2604 3106 3984 4209 4148 4795 5572 5838 5986 6088 6620 7272 7412 7695 8297 8475 8718 9020 9474 9853 10395 10997 11628 12849 14630 16673 19049 20822 22624 27667 28882 30797 33111 36597 41625 47444 53269 57931 61373 65257 68055 70625 73852 77217 80679 84453 86243 88514 92287 97094 101301 105586 111500 117591 123122 129671
 1051 1153 1257 1358 1431 1402 1324 1257 1369 1538 1627 1978 2270 2436 2743 3079 3348 3521 3633 3739 4116 4817 6219 6657 6495 7383 8400 8552 8785 9073 10199 11542 12127 12898 14017 14730 15619 16470 17373 18783 20230 22198 24183 27805 32355 36596 42348 47574 54518 66238 72480 80128 90290 103100 119802 137622 152676 164627 173636 186651 199050 215666 232812 250585 270453 290230 303851 321720 343701 370834 393823 419031 451535 485845 524620 565669
 15669 15922 16163 16250 16339 16013 14216 14615 18047 19604 20641 21692 21300 21613 21969 24177 30289 36460 36714 34030 34237 37153 43608 46961 42941 48306 54324 57206 52724 55176 61264 70442 72477 78552 78983 82405 87884 95693 103265 108970 119537 132942 145691 157912 177882 207553 221710 241080 284221 377376 374660 370051 375158 396314 457845 551974 631452 657898 634209 633569 664123 717125 762003 776931 808700 850268 870408 891151 922572 984850 1054097 1107833 1171314 1215931 1302014 1400128
 1 6 16 36 63 84 92 104 141 220 284 385 487 547 610 637 656 685 721 755 780 825 1023 1110 1109 1135 1267 1413 1384 1431 1549 1789 1998 2056 2139 2296 2483 2705 3054 3444 4006 4612 5349 6167 7106 8013 9062 9889 10800 13248 15479 16824 18181 19746 22358 25676 28524 30484 31454 32954 34612 36289 37983 40390 43600 46292 48576 50163 52435 55230 58860 61460 65139 66873 70001 76382
 1641 1760 1906 2071 2163 2169 1995 1899 2149 2386 2568 2994 3318 3515 3666 3919 4145 4200 4520 4777 4807 5492 6088 7033 7279 8271 8733 9506 10265 10833 11923 13311 14545 15237 14775 15664 16586 17802 19016 20125 21517 23232 24710 27465 30166 34113 40215 44716 49746 62852 69894 77625 86824 99844 115704 131483 138225 147917 154072 165180 169406 177162 185605 198187 207658 214950 220634 238068 253560 268181 277527 289851 298175 310157 319105 326864
 1928 2038 2144 2240 2332 2387 2226 2131 2412 2638 2802 3126 3347 3434 3477 3705 3949 4027 4369 4642 4701 5375 5947 6810 6974 7839 8242 8920 9514 9937 10856 12061 13047 13495 13722 14255 14691 15162 15656 16456 17995 19223 20599 22962 24907 27252 30769 33269 36299 46578 52600 54718 59634 67259 76714 86016 89767 95680 99069 106070 108968 114391 120067 128126 134420 139592 143839 154693 164157 173869 179966 188501 195093 205179 213810 221520
 1475 1529 1702 1895 2018 2054 2076 2188 2891 3169 3090 3687 4030 4186 4290 4537 4945 4833 4421 4420 4879 5439 6402 7152 6595 6920 7795 8217 7928 7701 8176 9298 9649 10172 10552 11089 11752 12531 13543 14755 16358 18134 20423 22934 26890 30898 34369 37544 43740 58147 62704 67342 71855 81108 95535 113067 129848 140267 144467 149735 156561 164267 174546 185449 196800 206818 213951 221985 232037 245011 259845 269393 285495 294420 308866 328759
                                                                                  
 32702 33244 33631 33954 33592 32331 29029 28642 33366 36557 39133 43055 45063 46610 48447 53264 68865 102009 134499 156363 168701 173641 190986 187460 172663 181457 203665 217866 221926 236295 253591 281065 291883 307678 316998 327383 343510 365907 383488 400496 424612 458685 496145 535996 588864 655209 706846 773841 865769 1048637 1090520 1143973 1204580 1301226 1473608 1687873 1866609 1968008 2007994 2075803 2164654 2296005 2412665 2527709 2661856 2797828 2891382 3002534 3141116 3320857 3481369 3618920 3787603 3935964 4166172 4417071
 2790 2723 2680 2657 2320 2256 2190 2165 2171 2398 2677 2791 2959 3180 3432 3772 7583 21957 47031 68911 73776 64259 61412 51686 43684 39847 43381 49628 56278 62703 68066 72551 74698 76209 80462 83079 86859 94116 96624 99409 101964 107138 114279 119462 124199 130613 135263 144774 145335 151769 166021 177933 191652 200433 213538 236910 272813 300961 332181 349782 368343 390918 412983 444601 477786 517231 546594 572044 594054 618670 629493 633643 633696 634413 653139 669729
 29912 30521 30951 31297 31272 30075 26839 26477 31195 34159 36456 40264 42104 43429 45016 49492 61282 80052 87468 87452 94925 109381 129574 135775 128979 141610 160284 168239 165648 173592 185526 208515 217186 231469 236536 244304 256651 271791 286864 301087 322648 351547 381866 416533 464666 524596 571583 629067 720433 896869 924499 966040 1012928 1100793 1260070 1450963 1593796 1667048 1675813 1726021 1796311 1905086 1999682 2083109 2184071 2280597 2344787 2430490 2547063 2702187 2851876 2985277 3153907 3301550 3513033 3747342
                                                                                  
 5328 5640 6099 6583 6976 7135 6858 6848 8205 9042 9386 10897 11916 12461 12993 14130 15523 16022 16447 17120 17962 20542 23681 26768 26918 30208 33258 36228 37744 39144 42875 47791 51114 53915 55160 58116 61433 65395 69351 74158 80394 87619 95136 106263 118945 133353 151188 166502 188255 237895 261649 282046 309192 349148 403367 462793 504713 540524 559215 592762 617413 652566 689941 734533 776881 813748 841006 892115 944499 1001554 1051655 1105836 1155289 1205695 1263619 1325557
 71 83 99 112 124 126 133 139 142 142 140 146 157 162 172 184 227 294 300 293 297 329 383 454 499 663 811 1058 1179 1271 1367 1416 1497 1657 1874 2083 2247 2327 2479 2560 2642 2871 3137 3477 3933 4490 5036 5897 6869 8902 10569 11868 13070 14777 16832 19565 21922 23497 24507 26687 28771 31134 32131 34734 38046 41545 43795 47028 50734 53282 56085 58260 59834 63251 67124 70905
 5257 5558 6000 6471 6853 7009 6725 6709 8063 8899 9246 10752 11759 12300 12821 13945 15296 15729 16147 16827 17665 20213 23298 26314 26419 29546 32447 35170 36566 37873 41508 46376 49616 52258 53286 56033 59187 63068 66872 71599 77752 84748 91999 102785 115012 128863 146151 160605 181386 228994 251080 270178 296122 334371 386535 443228 482791 517027 534708 566075 588642 621432 657810 699799 738835 772203 797210 845087 893766 948272 995570 1047576 1095454 1142444 1196495 1254652
                                                                                  
 38030 38884 39731 40537 40563 39456 35874 35476 41553 45576 48485 53845 56763 58811 61108 66833 83327 116328 148328 170480 183353 189956 208194 209222 194228 204990 228601 246502 251192 264404 288908 319774 333471 351187 360856 373548 392195 417679 438956 459905 489546 529786 573889 622702 686073 765350 831995 911182 1021083 1249721 1311877 1381064 1462013 1590642 1805875 2072703 2285843 2417865 2466696 2563482 2675868 2838519 2982632 3126528 3293807 3461866 3581629 3735047 3914692 4140114 4344180 4528590 4739083 4928396 5203724 5505679
 2860 2806 2779 2769 2444 2382 2323 2304 2313 2540 2817 2936 3116 3342 3604 3956 7810 22251 47331 69204 74074 64588 61795 52139 44183 40509 44192 50686 57456 63975 69432 73966 76195 77866 82336 85162 89106 96443 99104 101969 104606 110009 117416 122940 128131 135103 140299 150671 152204 160670 176590 189802 204722 215210 230370 256475 294735 324457 356688 376470 397113 422053 445114 479335 515831 558776 590390 619073 644787 671952 685578 691903 693530 697664 720262 740634
 35170 36078 36951 37768 38119 37075 33551 33172 39240 43036 45667 50908 53647 55469 57504 62877 75517 94078 100997 101276 109280 125368 146399 157083 150045 164481 184409 195817 193736 200429 219476 245807 257276 273321 278520 288386 303089 321235 339852 357936 384940 419777 456472 499763 557941 630247 691696 760512 868879 1089050 1135287 1191262 1257291 1375432 1575505 1816228 1991108 2093408 2110008 2187013 2278754 2416467 2537518 2647193 2777976 2903090 2991239 3115975 3269905 3468162 3658602 3836687 4045553 4230731 4483461 4765045
 6772 6735 6586 6466 6285 5918 5381 5269 6156 6957 7950 9297 10290 10833 11289 12703 17366 28949 34771 36644 42132 50251 56531 59466 57357 60333 67496 72458 72375 74135 79261 86105 90013 94711 94207 95519 98867 102828 106769 109638 114519 121166 130326 138018 149124 162695 175677 195160 220648 263903 275406 297228 306298 331857 374752 420059 440286 455458 457822 477842 495260 519592 531420 551203 574567 590233 611397 634427 665715 694696 725329 754499 781877 799980 829243 859967
 4472 4401 4216 4039 3804 3448 3023 2856 3101 3294 3452 3714 3794 3811 3929 4668 8797 19943 24892 26380 30208 35467 39632 40638 38292 40865 46843 49839 49992 51048 54335 59689 62025 65817 64416 64453 66076 67448 68767 69544 70822 73598 79574 82946 88790 97179 103726 117408 135371 161912 161655 176069 175718 188820 213913 237390 236900 239809 238310 251666 261884 278409 280095 290434 301186 305845 317998 333208 351813 365281 376446 385632 395480 402883 414453 426874
 2301 2334 2371 2427 2481 2470 2358 2412 3056 3664 4498 5583 6495 7022 7360 8035 8569 9007 9879 10264 11924 14783 16899 18827 19065 19468 20653 22619 22383 23087 24926 26416 27988 28893 29792 31066 32790 35379 38002 40094 43697 47568 50752 55072 60334 65516 71951 77752 85278 101991 113751 121159 130580 143037 160839 182669 203386 215649 219512 226176 233376 241183 251325 260769 273381 284389 293399 301219 313902 329414 348883 368867 386397 397097 414790 433094
 28397 29343 30365 31302 31834 31156 28170 27903 33084 36078 37717 41611 43357 44635 46215 50174 58151 65128 66226 64632 67147 75117 89867 97617 92688 104148 116913 123359 121361 126294 140215 159702 167263 178610 184313 192867 204223 218408 233083 248298 270422 298611 326146 361745 408817 467552 516020 565351 648230 825148 859881 894034 950993 1043575 1200753 1396169 1550822 1637950 1652186 1709171 1783494 1896875 2006098 2095990 2203409 2312856 2379842 2481547 2604190 2773466 2933273 3082188 3263676 3430751 3654219 3905078

