 1929 1930 1931 1932 1933 1934 1935 1936 1937 1938 1939 1940 1941 1942 1943 1944 1945 1946 1947 1948
 35286 33196 30133 26693 27163 30388 31744 34879 36138 34442 35857 37865 42516 47479 53628 54924 53224 47007 47056 48029
 35286 33196 30132 26692 27162 30387 31743 34878 36137 34441 35856 37863 42513 47474 53649 54979 53290 47054 47061 48022
 32134 29909 26763 23361 23321 25687 26742 28758 30634 28314 29742 31612 35231 37760 38839 37900 36336 38356 40364 41278
 2952 2770 2698 2512 2486 2482 2501 2579 2557 2445 2368 2326 2300 2226 2121 1961 1869 1937 2007 2065
 2825 2648 2576 2402 2378 2376 2389 2475 2427 2330 2264 2224 2201 2121 2022 1852 1759 1817 1882 1940
 127 122 122 110 108 106 112 104 130 115 104 102 99 105 99 109 110 120 125 125
 993 932 813 672 693 822 840 897 955 859 832 927 975 985 917 879 829 871 933 981
 124 107 79 50 50 60 71 92 119 95 103 118 131 132 132 107 89 88 98 100
 151 144 128 104 92 106 99 98 98 89 88 91 92 89 84 80 73 82 80 533
 471 452 418 358 373 431 443 457 470 416 381 439 452 480 434 415 388 391 429 -3
 159 148 118 105 124 163 165 180 192 192 187 196 204 183 177 198 206 221 231 251
 88 81 70 55 54 62 62 70 76 67 73 83 96 101 90 79 73 89 95 97
 1484 1366 1198 907 703 806 866 1104 1082 1055 1219 1285 1774 2131 1566 1110 1135 1739 2062 2278
 10428 9309 7895 6678 7204 8364 8904 9645 10591 9131 9967 10882 13137 15284 17402 17050 15186 14493 15205 15276
 5238 4457 3497 2724 2893 3587 3941 4460 5130 4085 4609 5367 6999 8846 10924 10722 8933 7742 8330 8309
 604 469 303 225 270 320 360 415 459 398 431 500 609 633 585 559 524 578 658 1228
 437 371 321 261 279 289 329 364 398 342 384 406 460 444 421 406 402 486 552 -4
 397 345 277 204 212 262 281 317 356 310 343 369 433 436 413 386 381 474 503 523
 1217 1092 857 687 749 917 996 1147 1317 1026 1155 1331 1641 1960 2460 2424 2072 1670 1862 3345
 325 269 222 175 182 220 249 277 313 256 284 328 410 461 508 492 457 498 482 -5
 764 671 509 373 392 505 577 664 791 626 661 792 1087 1363 1457 1405 1331 1393 1548 1560
 519 430 332 242 251 319 338 385 461 353 398 455 607 757 960 1037 925 847 928 887
 540 403 352 299 300 433 464 492 580 363 467 543 655 575 325 341 308 667 749 766
 150 147 105 80 71 101 105 137 171 141 186 301 675 1749 3271 3175 2044 593 512 -5
 285 260 219 178 187 221 242 262 284 270 300 342 422 468 524 497 489 536 536 -5
 5190 4852 4398 3954 4311 4777 4963 5185 5461 5046 5358 5515 6138 6438 6478 6328 6253 6751 6875 6967
 1041 1020 914 841 939 1085 1106 1157 1223 1166 1175 1223 1303 1385 1405 1441 1431 1500 1529 1527
 145 133 120 108 102 112 108 109 111 108 107 104 103 96 102 100 102 104 100 99
 1262 1095 1025 907 1081 1139 1196 1218 1263 1092 1215 1223 1383 1388 1321 1217 1163 1313 1327 1366
 772 722 672 593 632 699 768 829 843 807 903 918 1043 1079 1073 1049 1021 1117 1128 1175
 284 277 250 226 244 280 289 300 325 301 314 336 378 380 393 390 394 449 464 470
 615 617 548 481 449 492 510 554 604 578 577 568 581 555 550 550 569 668 705 720
 397 377 329 291 321 369 379 393 431 383 414 469 580 780 849 790 776 705 722 723
 128 125 105 97 99 115 121 124 132 131 135 151 168 183 186 197 207 219 224 230
 176 142 120 110 124 141 134 142 154 127 146 156 189 189 224 239 234 265 270 254
 370 344 315 300 320 345 352 359 375 353 372 367 410 403 375 355 356 411 406 403
 3904 3663 3210 2762 2625 2709 2736 2896 3057 2759 2858 2970 3209 3354 3540 3704 3805 3986 4042 4121
 2873 2632 2280 1934 1841 1910 1933 2046 2159 1897 1990 2072 2257 2410 2631 2817 2894 2886 2867 2854
 1845 1659 1405 1155 1084 1122 1113 1194 1251 1061 1114 1160 1285 1429 1534 1616 1628 1564 1543 1503
 410 387 356 323 302 294 294 298 301 280 276 270 271 294 332 345 354 402 406 385
 252 249 235 218 215 232 254 268 289 270 290 321 376 397 395 390 398 440 461 515
 167 159 144 130 135 145 148 142 151 134 140 142 144 107 139 205 247 200 162 149
 2 4 5 6 6 6 8 10 12 13 15 19 24 34 46 47 53 82 82 79
 25 24 21 17 20 22 23 25 26 23 22 23 24 25 25 26 25 27 28 30
 172 150 114 85 79 89 93 109 129 116 133 137 133 124 160 188 189 171 185 193
 538 530 467 421 391 390 389 408 440 418 423 433 476 501 518 516 533 649 683 739
 534 524 459 412 383 379 376 393 422 400 402 410 450 474 490 486 500 613 642 692
 4 6 8 9 8 11 13 15 18 18 21 23 26 27 28 30 33 36 41 47
 493 501 463 407 393 409 414 442 458 444 445 465 476 443 391 371 378 451 492 528
 465 473 437 384 371 386 392 418 437 423 423 443 454 422 373 353 359 429 469  NaN 
 28 28 26 23 22 23 22 24 21 21 22 22 22 21 18 18 19 22 23  NaN 
 1631 1571 1418 1279 1275 1406 1443 1550 1706 1707 1776 1840 1952 1857 1752 1771 1868 2215 2403 2428
 4215 3980 3656 3217 3197 3576 3743 4034 4340 4216 4389 4686 5075 4966 4926 4896 5070 6011 6280 6477
 1415 1390 1328 1266 1219 1242 1261 1305 1346 1342 1376 1422 1462 1439 1389 1364 1393 1594 1641 1670
 385 375 345 311 281 284 277 276 285 286 288 296 309 319 328 336 343 374 392 406
 128 103 88 80 89 83 74 85 83 68 62 58 50 41 38 39 42 53 49 50
 130 128 120 114 108 106 108 114 116 102 98 105 113 105 86 78 81 94 102 115
 358 368 361 355 341 348 364 368 383 396 414 425 435 428 406 392 404 475 513 495
 120 122 119 117 112 113 112 114 115 117 119 118 120 121 118 115 118 143 146 168
 294 294 295 289 288 308 326 348 364 373 395 420 435 425 413 404 405 455 439 436
 5112 4928 4547 4068 3919 4280 4448 4748 5000 4800 4957 5274 5347 5518 5226 5165 5181 5510 5791 5982
 387 371 331 282 266 313 327 349 373 373 377 388 404 404 412 420 417 462 461 453
 617 606 566 525 513 549 575 613 647 616 597 661 718 750 756 731 746 857 863 852
 20 18 16 12 11 12 15 17 19 18 17 16 24 40 50 35 21 25 31 -6
 157 153 137 141 147 172 172 201 204 208 220 225 241 236 229 243 264 324 351 369
 59 58 57 56 56 56 56 57 57 58 58 57 64 66 78 81 84 107 116 126
 142 143 140 122 119 135 148 164 177 171 172 174 184 193 204 214 215 228 229 221
 253 235 205 156 135 147 150 164 182 163 173 186 202 204 193 196 197 233 235 240
 429 434 419 399 390 403 420 455 491 516 522 549 580 614 655 665 661 701 767 832
 90 94 99 100 101 100 104 105 108 112 116 116 117 111 104 95 90 103 104 102
 224 228 232 233 233 234 240 244 251 259 265 271 276 282 288 292 295 313 337 437
 351 358 354 341 335 339 338 342 332 331 328 390 427 448 455 479 493 572 599 647
 35 37 29 21 21 23 25 29 31 33 37 41 53 78 63 59 66 82 93 129
 2348 2193 1962 1680 1592 1797 1878 2008 2128 1942 2075 2200 2057 2092 1739 1655 1632 1503 1605 1574
 3152 3287 3369 3331 3841 4700 5001 6120 5503 6127 6114 6251 7282 9714 14810 17079 16954 8698 6697 6744
 847 893 874 861 1237 1738 1799 3514 2834 3360 3312 3412 4419 6906 12078 14366 14217 5770 3528 3460
 548 593 576 564 937 1415 1463 3171 2485 2994 2937 3023 3988 6457 11573 13885 13722 5195 3018 2922
 267 310 296 290 294 357 449 521 517 507 560 642 944 1702 2497 2520 2420 1758 1386 1378
 281 283 280 274 270 271 286 316 341 357 381 592 1680 4154 9029 11365 11302 3437 1632 1544
  NaN   NaN   NaN   NaN  373 787 728 2334 1627 2130 1996 1789 1364 601 47  NaN   NaN   NaN   NaN   NaN 
 299 300 298 297 300 323 336 343 349 366 375 389 431 449 505 481 495 575 510 538
 2305 2394 2495 2470 2604 2962 3202 2606 2669 2767 2802 2839 2863 2808 2732 2713 2737 2928 3169 3284
 2195 2278 2378 2366 2505 2857 3092 2487 2544 2641 2674 2693 2705 2655 2577 2564 2589 2771 2992 3073
 1030 1057 1067 1056 1032 1031 1059 1080 1110 1139 1166 1176 1190 1186 1169 1158 1166 1215 1299 1350
 1165 1217 1267 1223 1174 1223 1268 1352 1401 1496 1497 1506 1509 1467 1408 1406 1423 1556 1693 1723
  NaN  4 44 87 299 603 765 55 33 6 11 11 6 2  NaN   NaN   NaN   NaN   NaN   NaN 
 110 116 117 104 99 105 110 119 125 126 128 146 158 153 155 149 148 157 177 211
 0 0 1 1 1 1 1 1 1 1 1 2 3 5 -21 -55 -66 -47 -5 7

