  1987 1988 1989 1990 1991 1992 1993 1994 1995 1996 1997 1998 1999 2000
 107843 111003 113824 115040 113729 113580 115601 118541 121531 123824 126790 129742 132204 134917
 107909 111078 113907 115122 113811 113668 116008 118993 121982 124240 127237 130181 132636 135355
 90672 93436 95862 96782 95428 95341 97747 100745 103647 105912 108802 111577 113897 116253
 3041 3103 3059 3055 3093 3013 3076 3153 3380 3338 3315 3345 3389 3338
 1968 1977 1880 1846 1862 1803 1800 1791 1968 1827 1814 1705 1693 1635
 1073 1126 1179 1209 1231 1210 1276 1362 1412 1511 1501 1640 1696 1703
 726 738 709 725 703 649 618 607 591 586 603 602 545 546
 46 53 59 60 56 55 51 49 53 56 54 49 45 42
 159 149 144 145 134 124 110 110 104 97 95 93 86 77
 409 420 394 409 409 368 352 345 326 326 345 349 304 315
 112 116 112 111 104 102 105 103 108 107 109 111 110 112
 6240 6453 6526 6513 6035 5876 6129 6406 6650 6950 7255 7602 8023 8368
 18958 19333 19397 19111 18427 18069 18109 18442 18626 18576 18776 18933 18659 18511
 11206 11464 11485 11217 10670 10376 10341 10582 10816 10911 11132 11349 11222 11220
 807 823 816 800 741 751 790 835 862 856 864 896 915 899
 518 531 530 518 478 485 497 515 525 521 531 543 562 570
 561 578 576 565 529 518 523 543 547 561 563 569 573 581
 733 763 767 753 720 682 674 692 700 706 706 711 697 696
 1394 1422 1435 1416 1345 1324 1336 1390 1442 1447 1481 1514 1517 1537
 2049 2111 2128 2091 2022 1937 1937 1996 2084 2096 2168 2211 2136 2109
 1763 1757 1741 1675 1589 1525 1522 1573 1616 1655 1684 1700 1656 1705
 849 848 847 819 781 817 835 895 963 961 976 995 1018 1019
 1165 1186 1200 1183 1103 1016 918 850 816 820 854 903 872 834
 961 1017 1006 981 953 911 881 853 835 849 860 865 841 838
 406 428 439 416 409 410 428 440 426 439 445 442 435 432
 7752 7869 7912 7894 7757 7693 7768 7860 7810 7665 7644 7584 7437 7291
 1594 1596 1599 1615 1628 1614 1635 1654 1659 1664 1676 1673 1679 1674
 54 54 51 50 48 47 44 42 41 40 40 39 36 34
 718 720 712 691 660 663 671 676 661 632 619 598 556 535
 1086 1073 1070 1031 998 990 982 998 950 880 831 774 708 617
 671 678 686 688 682 680 684 686 687 678 678 672 664 650
 1461 1539 1560 1576 1534 1488 1517 1551 1560 1535 1562 1577 1556 1544
 1013 1050 1062 1076 1073 1067 1062 1039 1032 1025 1024 1026 1026 1030
 160 156 153 156 156 154 149 145 142 138 135 134 131 125
 848 856 874 875 855 870 903 951 968 971 990 1006 1001 1006
 147 147 145 136 123 120 121 118 110 102 89 85 80 76
 5460 5606 5674 5754 5727 5704 5875 6037 6172 6318 6472 6655 6852 7016
 3358 3497 3580 3591 3577 3583 3753 3914 4041 4181 4283 4437 4569 4641
 276 268 262 246 237 229 226 220 220 211 208 211 211 202
 338 365 377 382 385 389 418 437 432 445 481 486 503 503
 1671 1542 1544 1513 1513 1532 1610 1714 1776 1853 1880 1954 2020 2041
 172 168 171 175 181 167 171 175 178 174 178 185 185 191
 574 808 858 907 895 893 929 959 1001 1050 1067 1123 1163 1215
 18 18 18 18 19 19 19 17 15 14 14 13 13 13
 309 328 350 350 347 354 380 392 419 434 455 465 474 476
 1192 1189 1172 1219 1198 1171 1180 1192 1221 1259 1323 1365 1423 1524
 880 873 848 880 865 837 840 844 852 873 938 960 1011 1089
 312 316 324 339 333 334 340 348 369 386 385 405 412 435
 910 920 922 944 952 950 942 931 910 878 866 853 860 851
 6022 6178 6413 6347 6201 6205 6141 6324 6555 6587 6739 6923 7018 7107
 17017 17479 18020 18099 17668 17697 18261 18898 19462 19851 20258 20407 20954 21432
 6900 7006 7043 7130 7064 6999 7162 7251 7211 7310 7425 7631 7817 7855
 2160 2149 2159 2156 2069 2005 1989 1973 1938 1923 1927 1933 1928 1906
 361 360 358 372 379 406 461 485 467 507 563 643 690 667
 522 512 494 489 482 508 553 592 620 646 679 732 797 873
 1372 1390 1412 1457 1479 1463 1466 1468 1451 1449 1462 1501 1526 1500
 756 794 802 832 842 820 847 853 854 871 875 881 873 895
 1523 1583 1592 1593 1572 1564 1602 1635 1643 1676 1684 1704 1759 1766
 206 218 226 231 241 233 244 245 238 238 235 237 244 248
 26308 27540 29021 30048 30510 31129 32376 33627 35000 36396 37959 39479 40640 42080
 1386 1461 1521 1549 1504 1483 1508 1549 1583 1620 1665 1697 1758 1816
 1565 1627 1603 1583 1661 1707 1737 1725 1769 1798 1789 1803 1831 1879
 4646 5042 5363 5679 5547 5554 6011 6537 7096 7651 8260 8987 9566 10222
 1187 1234 1254 1277 1245 1266 1325 1338 1363 1481 1511 1520 1557 1591
 540 555 567 588 541 554 587 568 586 569 582 591 553 539
 383 394 441 451 451 460 468 499 555 583 610 644 659 652
 862 891 970 1018 1025 1090 1169 1264 1310 1400 1485 1496 1547 1637
 6694 6824 7190 7507 7829 8205 8451 8677 8902 9167 9402 9526 9644 9772
 1059 1117 1153 1122 1148 1148 1163 1184 1170 1145 1200 1225 1219 1223
 1532 1558 1603 1616 1657 1758 1815 1860 1913 1962 2006 2100 2169 2269
 3230 3456 3617 3846 4179 3905 4066 4351 4484 4618 4818 5025 5189 5356
 1815 1936 2007 2152 2294 2248 2333 2563 2669 2752 2881 2993 3086 3201
 1415 1520 1610 1694 1885 1657 1733 1788 1815 1866 1937 2032 2103 2155
 2493 2669 2914 3001 2920 3141 3226 3254 3434 3574 3797 3983 4086 4291
 731 712 825 811 803 858 850 821 835 828 834 882 862 833
 17237 17642 18045 18340 18383 18327 18261 18248 18335 18328 18435 18604 18739 19102
 5314 5336 5354 5345 5260 5060 4829 4661 4530 4378 4269 4207 4164 4262
 4489 4487 4498 4486 4411 4240 4046 3866 3722 3575 3476 3416 3370 3478
 2121 2156 2176 2221 2198 2181 2136 2051 1984 1913 1869 1845 1821 1931
 2368 2331 2322 2265 2213 2059 1910 1815 1738 1662 1607 1571 1549 1547
 825 849 856 859 849 820 783 795 808 803 793 791 794 784
 11923 12306 12691 12995 13123 13267 13432 13587 13805 13950 14166 14397 14575 14840
 11129 11499 11862 12151 12274 12404 12571 12710 12922 13079 13304 13528 13699 13953
 5648 5918 6112 6250 6308 6377 6479 6595 6769 6887 7070 7226 7359 7556
 5481 5581 5750 5901 5966 6027 6092 6115 6153 6192 6234 6302 6340 6397
 794 807 829 844 849 863 861 877 883 871 862 869 876 887
 -66 -75 -83 -82 -82 -88 -407 -452 -451 -416 -447 -439 -432 -438

