 1901  1.0481  0.2288  0.3171  0.0559  4.5999
 1902  1.0304  0.2306  0.3230  0.0484  4.4855
 1903  1.0513  0.2575  0.3252  0.0546  4.4851
 1904  1.0179  0.2307  0.3135  0.0466  4.5208
 1905  1.0656  0.2643  0.3212  0.0508  4.4841
 1906  1.1596  0.3082  0.3262  0.0503  4.4791
 1907  1.1548  0.2944  0.3265  0.0533  4.4354
 1908  1.0434  0.2166  0.3058  0.0629  4.5723
 1909  1.1365  0.2830  0.3150  0.0396  4.4765
 1910  1.1222  0.2694  0.3160  0.0400  4.4599
 1911  1.1398  0.2490  0.3167  0.0579  4.5956
 1912  1.1716  0.2730  0.3214  0.0564  4.5360
 1913  1.1941  0.2882  0.3174  0.0561  4.6109
 1914  1.0882  0.2014  0.3059  0.0504  4.6786
 1915  1.1027  0.1984  0.2991  0.0931  4.6236
 1916  1.2260  0.2570  0.3158  0.1150  4.2162
 1917  1.1749  0.2133  0.3179  0.1384  3.6015
 1918  1.2630  0.2059  0.3146  0.2654  3.2683
 1919  1.2735  0.3062  0.3023  0.1782  3.3506
 1920  1.2461  0.3478  0.3014  0.0942  3.1609
 1921  1.2142  0.2438  0.2668  0.0925  3.8386
 1922  1.2750  0.2868  0.2823  0.0724  4.1747
 1923  1.4088  0.3844  0.2984  0.0695  4.2032
 1924  1.4262  0.3353  0.2856  0.0792  4.4552
 1925  1.4394  0.3950  0.2908  0.0762  4.5601
 1926  1.5256  0.4063  0.2957  0.0712  4.7579
 1927  1.5152  0.3823  0.2892  0.0792  4.9426
 1928  1.5113  0.3642  0.2870  0.0847  4.9591
 1929  1.5596  0.4014  0.2879  0.0923  5.0091
 1930  1.4289  0.3067  0.2647  0.0956  5.1972
 1931  1.3427  0.2289  0.2405  0.1023  5.4386
 1932  1.1476  0.1243  0.2114  0.1110  5.4044
 1933  1.0589  0.1271  0.2091  0.1168  5.0192
 1934  1.1270  0.1749  0.2065  0.1306  4.8460
 1935  1.2147  0.2339  0.2151  0.1209  4.8587
 1936  1.3348  0.2944  0.2322  0.1333  4.8682
 1937  1.3908  0.3342  0.2391  0.1290  4.9573
 1938  1.3344  0.2533  0.2196  0.1536  5.3425
 1939  1.4190  0.3038  0.2265  0.1619  5.3869
 1940  1.4935  0.3670  0.2316  0.1729  5.3712
 1941  1.6909  0.4539  0.2469  0.2620  5.3593
 1942  1.8859  0.3294  0.2613  0.5732  5.5270
 1943  2.0950  0.2146  0.2688  0.8315  5.6907
 1944  2.1975  0.1944  0.2620  0.8865  5.7871
 1945  2.1342  0.2274  0.2446  0.7121  5.7942
 1946  1.9998  0.4599  0.2410  0.3352  5.5179
 1947  2.0170  0.4956  0.2422  0.3275  5.7957
 1948  2.1206  0.6006  0.2433  0.2861  6.3704
 1949  2.0973  0.5346  0.2318  0.3076  6.9064
 1950  2.2394  0.7022  0.2385  0.2611  7.0143
 1951  2.3880  0.7053  0.2475  0.3624  7.1804
 1952  2.4770  0.6510  0.2477  0.4288  7.7150
 1953  2.5681  0.6764  0.2477  0.4520  7.9741
 1954  2.5647  0.6483  0.2363  0.4192  8.0982
 1955  2.7009  0.7695  0.2411  0.4118  8.1946
 1956  2.7106  0.7601  0.2428  0.4281  8.4311
 1957  2.7556  0.7413  0.2386  0.4574  8.7454
 1958  2.7242  0.6754  0.2289  0.4476  8.8645
 1959  2.8540  0.7624  0.2307  0.4534  8.9117
 1960  2.8856  0.7492  0.2301  0.4688  9.0153
 1961  2.9136  0.7308  0.2263  0.4935  9.0879
 1962  3.0535  0.7956  0.2287  0.5214  9.1747
 1963  3.1158  0.8320  0.2271  0.5300  9.2815
 1964  3.2413  0.8802  0.2278  0.5410  9.3597
 1965  3.4109  0.9670  0.2316  0.5409  9.6244
 1966  3.5320  1.0156  0.2364  0.5765  9.8533
 1967  3.5541  0.9724  0.2347  0.6219 10.2393
 1968  3.6609  1.0162  0.2351  0.6287 10.4157
 1969  3.7040  1.0296  0.2377  0.6258 10.7483
 1970  3.6462  0.9453  0.2303  0.6286 10.9547
 1971  3.7280  1.0133  0.2258  0.6097 11.1087
 1972  3.8480  1.0887  0.2288  0.6091 11.5178
 1973  3.9896  1.1717  0.2338  0.6302 11.7588
 1974  3.8352  1.0915  0.2303  0.6246 12.0010
 1975  3.7936  0.9660  0.2202  0.6719 12.7464
 1976  3.9597  1.0902  0.2219  0.6353 12.8117
 1977  4.0704  1.1902  0.2253  0.6014 12.9014
 1978  4.2055  1.2791  0.2317  0.6000 13.2488
 1979  4.2755  1.3002  0.2352  0.6088 13.6084
 1980  4.1742  1.1678  0.2299  0.6381 14.1019
 1981  4.2237  1.1981  0.2274  0.6448 14.4164
 1982  4.1306  1.0602  0.2208  0.6503 14.7471
 1983  4.2488  1.1145  0.2217  0.6337 14.7554
 1984  4.4954  1.3122  0.2299  0.5952 14.5611
 1985  4.6204  1.2980  0.2321  0.6227 14.7914
 1986  4.7141  1.3039  0.2314  0.6383 15.0835
 1987  4.8417  1.3094  0.2360  0.6467 15.3978
 1988  4.9836  1.3309  0.2402  0.6831 15.6107
 1989  5.1427  1.3440  0.2449  0.7228 15.8244
 1990  5.1915  1.2933  0.2449  0.7539 15.9650
 1991  5.1110  1.1667  0.2383  0.7992 15.9923
 1992  5.2376  1.2063  0.2374  0.7921 15.8355
 1993  5.3179  1.2698  0.2400  0.7594 15.9418
 1994  5.4612  1.3719  0.2440  0.7409 16.2682
 1995  5.5789  1.3964  0.2476  0.7445 16.7251
 1996  5.7080  1.4501  0.2482  0.7452 16.9942
 1997  5.9086  1.5326  0.2523  0.7548 17.2902
 1998  6.0942  1.6305  0.2564  0.7223 17.7867
 1999  6.2598  1.7112  0.2579  0.6845 18.2752
 2000  6.4408  1.7798  0.2597  0.6489 18.7251

