%DATES	FA174090005.Q	FA153091003.Q	FA173020005.Q	FA173030005.Q	FA173034005.Q	FA174021705.Q	FA163069103.Q	FA313161400.Q	FA173061105.Q	FA153061705.Q	FA173062005.Q	FA153063005.Q	FA153064105.Q	FA153064205.Q	FA153040005.Q	FA153050005.Q	FA604190005.Q	FA173099005.Q	FA175050005.Q	FA175012005.Q	FA175013005.Q	FA155111003.Q	FA175020005.Q	FA176300005.Q	FA176300205.Q	FA176330005.Q	FA156300103.Q	FA175005005.Q	FA175012065.Q	FA175005205.Q	FA155011005.Q	FA175020005.Q	FA174190005.Q	FA173165105.Q	FA173165205.Q	FA153166000.Q	FA153169405.Q	FA153167205.Q	FA173199005.Q	FA155400095.Q	FA176006005.Q	FA155011005.Q	FA176007005.Q	FA156007105.Q	FA176007905.Q	FA156012005.Q
195201	42181	0	6124	5948	0	12452	788	0	3796	12	6560	-612	1380	528	2672	7269	0	7716	56529	17909	10385	27075	1160	33176	4885	7142	21149	23353	13024	3243	5926	1160	15134	6840	1126	2386	168	4	4609	-1000	51400	5926	45474	20500	24974	236600
195202	35712	0	-896	7944	0	19952	-400	-284	5964	2356	9988	884	932	512	2832	4300	0	1580	57647	18407	10269	27261	1710	33896	4991	7171	21734	23751	13416	3098	5527	1710	16554	6308	3108	6382	156	128	472	-1100	44009	5527	38482	19100	19382	239600
195203	26981	0	4816	6240	0	3432	420	64	-1028	1208	2444	-900	700	524	2956	6317	0	3220	55822	18407	9177	25854	2384	34271	5057	7315	21899	21551	13350	1862	3955	2384	15424	6824	2411	4542	144	44	1459	-1100	34208	3955	30253	22900	7353	246000
195204	14337	0	-3680	9468	0	-1780	188	588	-1280	-3892	1876	-532	812	460	3092	4477	0	2760	59766	19301	10070	29698	697	34961	5046	7422	22493	24805	14255	2648	7205	697	14956	6980	1902	7378	80	144	-1528	-1000	25186	7205	17981	19900	-1919	251300
195301	39645	0	12664	8444	0	3932	920	1392	-2600	48	3192	-604	1092	492	3096	4985	0	6524	62728	19599	10677	31524	928	34564	5148	7364	22052	28164	14451	3313	9472	928	23094	7564	374	7897	204	652	6403	-1300	46015	9472	36543	20300	16243	255600
195302	39173	0	-6216	9216	0	26708	-212	-1052	17736	3100	4124	1068	1612	332	3040	5293	0	1132	61563	19698	10870	31466	-471	35229	5131	7468	22630	26334	14567	3402	8836	-471	15776	8324	2805	3529	212	756	150	-1000	50731	8836	41895	22300	19595	259600
195303	17645	0	4084	6400	0	-2588	476	20	-6332	1468	2548	-1460	356	336	2952	5389	0	1408	62359	19101	11275	31217	766	35651	5209	7493	22949	26708	13892	3782	8268	766	14379	7324	1991	3097	196	-260	2031	-1100	31074	8268	22806	21700	1106	259900
195304	2405	0	-6644	8620	0	-7440	-160	432	-7004	-4000	1800	956	164	372	2840	4393	0	636	62407	18803	11198	30489	1917	35894	5238	7598	23058	26513	13565	3600	7431	1917	3021	6980	1403	1845	268	308	-7783	-1200	27097	7431	19666	21600	-1934	259400
195401	27509	0	3688	8636	0	2424	472	200	812	-284	1564	-1072	392	340	2768	5141	0	4852	60482	18903	11004	29868	707	37598	5439	7651	24508	22884	13464	3353	5360	707	15448	6972	414	-739	260	64	8477	-1100	36045	5360	30685	22500	8185	262200
195402	32717	0	3036	10596	0	10304	-304	496	4848	2628	1840	-388	984	200	2716	5265	0	800	61457	20197	11014	30616	-370	38301	5557	7644	25100	23156	14640	3370	5516	-370	16785	10472	3858	1249	260	592	354	-1100	40188	5516	34672	19400	15272	261900
195403	17742	0	10632	6268	0	-8924	-280	632	-12228	1192	1604	-596	256	496	2676	5146	0	1944	63972	21691	11409	30312	560	38160	5586	7734	24840	25812	16105	3675	5472	560	19351	7740	2898	1305	228	944	6236	-1100	25303	5472	19831	18800	1031	264000
195404	5362	0	-8608	11032	0	-5808	-784	1052	-3612	-3564	3356	-2484	-420	648	2648	5566	0	532	66303	23085	11618	32125	-525	38301	5640	7870	24791	28002	17445	3748	7334	-525	14811	12168	2015	3581	192	1504	-4649	-1100	19653	7334	12319	19200	-6881	269000
195501	41399	0	9524	9228	0	9528	1220	796	5320	-728	1584	-408	1236	508	2728	5347	0	5044	71771	24878	12005	34815	73	39608	5799	7887	25922	32163	19079	4118	8893	73	28801	12428	1317	6153	284	1188	7430	-1200	45961	8893	37068	17600	19468	273900
195502	32742	0	-3624	9152	0	19012	636	76	11284	2748	4796	-792	-200	464	2836	5654	0	-288	74618	25477	13095	36878	-832	40172	5826	7962	26384	34446	19651	5133	10494	-832	29679	13284	2706	8169	168	248	5104	-1100	38609	10494	28115	19100	9015	280700
195503	27574	0	7708	5628	0	3004	-176	-24	-2740	1452	2708	516	540	728	3032	6802	0	1400	76285	25080	13896	38351	-1042	40961	5933	8158	26870	35324	19147	5738	11481	-1042	30015	12532	2800	7577	188	400	6518	-1200	34083	11481	22602	21000	1602	287100
195504	11294	0	-8656	10036	0	480	-552	204	-3896	-1640	3752	1176	848	588	3024	5442	0	968	75864	24084	13969	37156	655	41827	6029	8278	27520	34037	18055	5691	9636	655	17677	11704	896	6045	132	-92	-1007	-1400	29054	9636	19418	21000	-1582	291300
195601	45499	0	7864	9368	0	12556	2096	672	5368	164	1084	768	1200	1204	3400	5855	0	6456	73017	23586	13502	35626	303	44141	6145	8550	29446	28876	17441	4952	6180	303	24672	11100	2736	5397	244	-36	5231	-1400	51103	6180	44923	23300	21623	295500
195602	38119	0	-484	10776	0	16608	-320	-308	9028	3084	4204	1792	-980	108	3636	5139	0	2444	71499	23784	13243	35678	-1206	45056	6266	8843	29947	26443	17518	4400	5731	-1206	20248	10984	4253	3445	296	16	1254	-1700	46014	5731	40283	25400	14883	300400
195603	26603	0	4812	5912	0	1060	-768	-328	-4784	1408	2704	680	784	1364	3564	7987	0	3268	71618	23384	13322	35446	-534	45719	6367	8956	30396	25899	17017	4366	5050	-534	20168	10664	3571	2953	180	-16	2816	-1700	34034	5050	28984	26500	2484	304700
195604	16219	0	-4384	11072	0	-1484	-744	-412	-3708	-3240	2912	1304	1936	468	3280	6031	0	1704	71885	22882	13337	37102	-1436	46805	6446	9172	31187	25080	16436	4165	5915	-1436	12339	10432	1570	2729	296	196	-2884	-1700	30660	5915	24745	27600	-2855	311300
195701	45987	0	6496	13996	0	9696	1988	-2332	3960	-356	2036	2972	536	892	2976	6979	0	5844	74394	22480	13453	38109	352	45399	6415	9238	29746	28995	16065	4215	8363	352	20578	9660	-154	3195	324	-508	8060	-1600	56004	8363	47641	26500	21141	314700
195702	35226	0	-3392	12904	0	16824	-668	-1848	11692	2652	1876	748	1512	860	2668	6666	0	-444	73705	22078	13326	37544	757	46177	6476	9369	30332	27528	15602	3957	7212	757	15267	8260	2733	3027	380	780	87	-2000	49487	7212	42275	28200	14075	318800
195703	23343	0	4948	6908	0	216	-176	-1952	-1016	260	1964	1244	-968	860	2596	7511	0	1164	73480	21876	13823	37168	613	47187	6569	9566	31052	26293	15307	4257	6116	613	15804	8480	3268	2971	384	-416	1117	-1900	35732	6116	29616	27600	2016	322900
195704	12215	0	-9160	13428	0	-2796	36	-1504	-1872	-540	1928	-704	-868	728	2712	6831	0	1200	71187	21774	13930	36700	-1217	47480	6695	9519	31266	23707	15079	4411	5434	-1217	9318	8268	2644	1355	452	-1204	-2197	-1600	28204	5434	22770	25600	-2830	322700
195801	43871	0	9372	14988	0	1580	1348	-320	-3328	-1268	1548	3228	-932	1304	2884	7851	0	7196	70667	20780	13260	34691	1936	49442	6793	9801	32848	21225	13987	3459	1843	1936	14818	7848	2208	-1263	444	984	4598	-1728	52006	1843	50163	27300	22863	323800
195802	27719	0	-6648	15184	0	6924	536	-484	11704	-116	-3404	-2728	-396	1812	3100	5931	0	3228	69170	20876	13128	33861	1305	50322	6906	9769	33647	18848	13970	3359	214	1305	12663	8172	4932	-1107	392	1708	-1435	-1628	35532	214	35318	27200	8118	326600
195803	31043	0	16728	10876	0	-12492	-404	-656	-16432	232	868	1836	576	1488	3176	8523	0	4232	72221	22336	13272	34426	2187	50512	6958	9911	33643	21709	15378	3361	783	2187	18819	10264	3546	781	308	252	3668	-1728	35661	783	34878	29200	5678	333600
195804	23903	0	-3732	14032	0	-504	-1072	-632	-1324	-1368	4048	656	-1840	1028	3132	8071	0	2904	76224	24648	14142	35450	1984	50765	6984	10007	33774	25459	17664	4135	1676	1984	21807	12948	3546	2681	292	848	1492	-1632	29187	1676	27511	29600	-2089	337900
195901	46083	0	8508	10248	0	9840	796	-944	4084	32	2744	1372	32	1724	3184	8187	0	6116	78524	27440	12735	38421	-72	48980	7252	9545	32183	29544	20188	3190	6238	-72	29748	12624	3954	6559	380	124	6107	-1691	47570	6238	41332	27200	14132	343000
195902	42755	0	2132	13464	0	15232	420	-1728	9500	3644	3340	-432	-736	1224	3208	7967	0	752	80555	28348	13597	40073	-1463	49947	7292	9722	32933	30608	21056	3875	7140	-1463	30219	12980	7102	6779	416	376	2566	-1732	44876	7140	37736	28300	9436	350400
195903	32303	0	7132	8116	0	1600	136	-2196	-444	2288	2884	140	-2692	1484	3444	10095	0	1916	80647	27826	14058	40883	-2120	50226	7355	9583	33288	30421	20471	4475	7595	-2120	31730	13520	4991	8139	468	-624	5236	-1882	32876	7595	25281	24300	981	351900
195904	15047	0	-13452	10044	0	6720	-2000	-2316	6076	-228	6020	272	-2348	1244	3848	8879	0	-992	78023	27059	13665	38795	-1496	50683	7421	9738	33524	27340	19638	3927	5271	-1496	21337	12684	3966	9415	616	96	-5440	-1915	22965	5271	17694	26700	-9006	356600
196001	56863	0	4776	9728	0	21720	4964	-684	12796	-2916	1844	5288	-844	1272	3756	8947	0	7936	82987	27965	13791	40090	1141	52143	7661	9642	34840	30844	20304	4149	5250	1141	27241	11228	3689	3428	712	-1252	9435	-2010	62476	5250	57226	27800	29426	361400
196002	37308	0	-1488	12936	0	13156	676	-500	4228	2216	5252	1884	-2012	1412	3508	8284	0	912	81278	25720	13577	40991	990	52595	7784	9634	35177	28683	17936	3943	5814	990	24072	10312	5780	6116	780	196	887	-2247	44166	5814	38352	25500	12852	365200
196003	23428	0	6404	13236	0	-10948	-420	-128	-8596	-1944	692	308	-1932	1072	3068	8128	0	3540	79626	24922	12988	40573	1143	53172	7838	9788	35546	26454	17084	3200	5027	1143	23897	11820	4703	3932	604	316	2523	-2145	28130	5027	23103	26900	-3797	366800
196004	15813	0	-5544	11956	0	-5284	-1448	252	-4932	-2292	2792	2100	-2196	440	2580	9477	0	2628	76921	24885	13112	39450	-526	53637	7889	9931	35817	23284	16996	3181	3633	-526	17116	11484	4677	2664	516	256	-2481	-2566	24547	3633	20914	26400	-5486	368300
196101	45689	0	6768	22016	0	-3960	2536	1056	-5996	-3112	-1368	108	1100	1716	2752	8705	0	9408	75159	24849	12865	37029	416	53659	8119	9722	35818	21500	16730	3143	1211	416	27574	10636	4328	1685	608	1464	8853	-2551	42166	1211	40955	29800	11155	372300
196102	44689	0	-304	19220	0	11068	132	556	1628	508	3996	3368	-440	1320	3172	9629	0	1904	76889	25009	13239	37978	663	53816	8105	9833	35878	23073	16904	3406	2100	663	20803	11016	6921	-519	700	1788	898	-2391	49350	2100	47250	30200	17050	377800
196103	27822	0	3676	11460	0	-4100	-1052	732	80	788	-2600	-1820	-1776	1548	3692	9014	0	4080	80064	26340	13434	39068	1222	54188	8138	9890	36160	25876	18202	3544	2908	1222	24212	12832	6639	2157	488	-212	2308	-2571	32057	2908	29149	33900	-4751	384400
196104	22770	0	-13108	19788	0	380	-3064	868	76	52	5968	-744	-4876	2100	4172	9010	0	2528	83626	27175	13885	40929	1637	54600	8144	9985	36471	29026	19031	3900	4458	1637	24172	15324	6898	5425	440	1108	-5023	-2523	30147	4458	25689	34600	-8911	392500
196201	51986	0	9692	25236	0	-2724	4112	628	-1920	-564	-4256	532	-2644	1388	4128	9778	0	5876	85657	27713	14092	41934	1918	54738	8217	10066	36455	30919	19496	4026	5479	1918	28816	11936	2871	3551	504	-1364	11318	-2418	56507	5479	51028	34700	16328	397900
196202	43486	0	-1808	25656	0	3140	540	248	7384	392	-72	-76	-6528	1252	3952	10994	0	1552	86679	28446	14613	43146	474	55149	8254	10128	36767	31530	20192	4485	6379	474	27565	13884	9270	8067	636	-1464	-2829	-2727	50178	6379	43799	34700	9099	403800
196203	32206	0	-1392	23164	0	-2856	76	612	284	440	1116	-3044	-2472	132	3648	8606	0	1036	87438	28412	14857	43632	537	55808	8310	10277	37221	31630	20102	4580	6411	537	33007	15132	5909	5235	556	1264	4911	-2649	33478	6411	27067	33800	-6733	407100
196204	29650	0	-10792	29340	0	-4288	-1508	604	-740	-1696	1536	72	-3272	716	3340	9754	0	2296	89077	28297	14782	45492	506	56465	8433	10367	37665	32612	19864	4415	7827	506	29501	15784	8381	6783	480	1072	-2999	-2758	35519	7827	27692	31900	-4208	411600
196301	48054	0	21856	26672	0	-18020	4120	1404	-21852	-1368	-1484	1780	-1520	900	3828	8878	0	4840	92038	29351	14251	46269	2167	56897	8635	10281	37981	35141	20716	3970	8288	2167	35014	14204	2959	7859	496	316	9180	-2797	50978	8288	42690	32500	10190	416100
196302	52122	0	612	26928	0	7156	2184	1052	7864	980	-176	-1068	-4296	616	4092	11226	0	2108	93875	31275	14891	47387	322	57587	8739	10395	38453	36288	22536	4496	8934	322	36929	16400	10718	7279	540	3076	-1085	-2906	54387	8934	45453	32800	12653	420700
196303	37747	0	4748	20748	0	-4188	488	1084	-1408	1008	-2704	-2048	-2048	1440	4380	10179	0	1880	94553	31550	15319	48010	-326	58404	8826	10508	39070	36149	22724	4811	8940	-326	38970	18196	6866	9247	416	1844	2401	-3038	37964	8940	29024	32100	-3076	427400
196304	40674	0	-9332	29380	0	5036	-1980	1184	7324	-1560	4392	1064	-6316	928	4648	10718	0	224	98176	32701	15718	48926	831	59198	8874	10639	39685	38978	23827	5079	9241	831	33552	17560	8684	9719	388	796	-3594	-2799	48899	9241	39658	35800	3858	436100
196401	50459	0	4708	20816	0	2008	2376	936	-4228	-436	2080	-728	1884	124	4336	12935	0	5656	101385	34334	16429	50970	-348	59819	9076	10604	40139	41566	25258	5825	10831	-348	42445	17296	2336	10739	528	-672	12218	-2951	52531	10831	41700	36900	4800	447000
196402	67422	0	6328	26920	0	15820	2888	828	10480	1004	2076	-1808	-792	1144	4348	13094	0	912	101280	33157	16834	52214	-925	60810	9080	10887	40843	40470	24077	5947	11371	-925	37454	16944	11875	8855	576	28	-824	-3349	73787	11371	62416	41900	20516	460300
196403	54855	0	14584	24216	0	-4304	-2672	832	-6984	1020	3452	476	-1552	1124	4428	11951	0	3980	102502	32683	17387	53892	-1460	61614	9200	10974	41440	40888	23483	6413	12452	-1460	38910	17748	8056	10079	508	-628	3147	-3427	60260	12452	47808	40200	7608	467800
196404	51409	0	-468	31680	0	196	1316	1048	-192	-608	3432	2648	-8832	1384	4552	12725	0	2724	101809	32818	17805	51965	-779	62615	9369	11147	42099	39194	23449	6658	9866	-779	30014	17232	6466	8255	484	-600	-1824	-3493	64082	9866	54216	44400	9816	474800
196501	56426	0	4608	27992	0	552	4508	828	1628	-1272	-3568	-708	-2972	2108	4392	14414	0	4468	109715	32954	18639	57214	908	63141	9576	11289	42276	46574	23378	7350	14938	908	44721	16452	4268	11967	556	-168	11646	-3594	61873	14938	46935	40300	6635	481600
196502	55588	0	3576	23580	0	8184	1568	392	10172	3380	-680	-1776	-5436	564	4932	13268	0	2048	111545	33283	19587	57156	1519	64357	9735	11468	43154	47188	23548	8119	14002	1519	36807	15924	13640	11799	640	44	-5241	-3422	69391	14002	55389	40700	14689	489400
196503	64328	0	22496	23880	0	-1992	-2336	532	-7376	2004	3848	1260	-3272	3348	5096	11636	0	3212	113813	33403	20291	58906	1213	65411	9989	11638	43784	48402	23414	8653	15122	1213	41725	18440	8474	9327	612	-724	5597	-3614	74619	15122	59497	46600	12897	504700
196504	46592	0	-3780	34568	0	-5212	-256	788	-2176	-564	7108	-3168	-9216	2272	4880	12648	0	3488	117457	33605	21427	61092	1333	66556	10205	11948	44403	50901	23400	9479	16689	1333	31661	17872	5122	7455	512	2240	-1540	-3802	69634	16689	52945	44300	8645	516500
196601	75663	0	8864	18876	0	21652	2636	316	6464	2480	5412	3612	-3216	3948	4696	16807	0	4768	120332	33904	21191	63935	1302	67416	10339	12284	44793	52916	23565	8907	19142	1302	48710	16224	9654	10067	780	604	11381	-3946	83815	19142	64673	42600	22073	525400
196602	56698	0	-5748	20456	0	21788	-268	664	3380	13392	3428	1140	-1432	1484	4568	13914	0	1720	114614	32352	21693	61526	-957	68860	10618	12415	45827	45754	21734	9278	15699	-957	32806	13716	12267	5467	1296	524	-465	-3967	73613	15699	57914	42700	15214	530900
196603	67491	0	15660	9640	0	16208	1896	340	3648	3804	500	6328	-1612	1304	4628	15475	0	5880	117053	31091	21958	63940	64	70370	10801	12654	46915	46683	20290	9304	17025	64	29022	12108	6540	3635	1988	-1592	6344	-3845	88997	17025	71972	44200	27772	541800
196604	48506	0	-9332	26060	0	6472	4736	896	1476	-804	9140	-312	-10748	2088	4884	15706	0	4716	114943	28466	21807	64251	419	71957	11033	12835	48089	42986	17433	8972	16162	419	16056	9940	423	4563	1892	284	-1047	-3786	79222	16162	63060	48500	14560	552200
196701	66448	0	13552	37748	0	-14188	5772	828	-16960	-412	-5076	4280	-4688	2068	5896	13272	0	10168	114139	27586	21418	62704	2431	72758	11018	13165	48575	41381	16568	8253	14129	2431	31902	9384	7372	3867	1168	1444	8667	-3987	79914	14129	65785	53800	11985	562100
196702	48450	0	-3680	41168	0	-11128	-152	900	2904	504	-6528	732	-9236	-252	4948	13854	0	3288	120201	30810	21225	65807	2359	73853	11193	13389	49271	46348	19617	7836	16536	2359	28712	9388	14890	4127	1148	2144	-2985	-3871	69957	16536	53421	51600	1821	569500
196703	84136	0	24428	31480	0	884	-4116	1024	1644	276	3200	5016	-8524	2364	4968	14968	0	7408	120463	32633	20929	65937	964	75440	11379	13615	50446	45023	21254	7314	15491	964	40978	17288	9641	5815	812	3352	4070	-4163	92344	15491	76853	55200	21653	580200
196704	80556	0	7576	29260	0	16032	5860	1128	8420	1292	-3404	7712	-4512	-464	4884	15792	0	7012	122836	35318	21202	66737	-421	77444	11621	13927	51896	45392	23697	7275	14841	-421	37747	17456	-7549	6771	840	5236	14993	-3891	92092	14841	77251	57000	20251	589500
196801	65705	0	6440	32164	0	3808	1064	504	6504	-2744	-3476	3004	-4236	3188	4808	15977	0	2508	133767	36338	22329	71796	3304	79295	11889	13987	53419	54472	24449	8342	18377	3304	34592	16884	18668	7764	1152	-2168	-7707	-3688	89273	18377	70896	55400	15496	606200
196802	61678	0	-5544	20504	0	20036	1216	528	10956	4208	2924	7224	-7644	624	4736	15502	0	6444	137839	37758	21630	73706	4745	81186	12120	14273	54793	56653	25638	7357	18913	4745	48973	15560	16521	9612	1484	7272	-1476	-4036	73394	18913	54481	57400	-2919	622500
196803	78821	0	30424	32592	0	-12668	488	588	-2424	-1324	-2200	3332	-14636	3508	4756	15101	0	8616	138603	38501	21714	77790	598	83200	12405	14601	56194	55403	26096	7113	21596	598	48079	17936	9010	10752	1432	876	8073	-4217	90361	21596	68765	48300	20465	630200
196804	55929	0	6868	36132	0	-16288	5364	968	-5968	-720	-3704	6664	-20392	1500	4856	18753	0	5608	139695	40416	22814	78092	-1627	85477	12704	14922	57851	54218	27712	7892	20241	-1627	43976	18480	3033	14900	1092	4544	1928	-4411	70581	20241	50340	50200	140	641300
196901	93357	0	-5744	17616	0	25976	1940	-128	18308	-1552	17568	2696	-15832	2976	4948	16425	28860	5276	147321	42619	23237	79225	2240	87526	13281	15336	58909	59795	29338	7901	20316	2240	48396	18860	12085	12620	1732	-6476	9574	-4562	109318	20316	89002	44700	44302	648600
196902	35261	0	-9240	18968	0	-3536	6028	-108	-10784	8368	10224	2076	-19920	580	5012	16421	7952	-316	148454	42829	24480	79375	1770	89451	13588	15523	60340	59003	29241	8957	19035	1770	50742	18004	20282	11760	2628	-1732	-201	-4800	48322	19035	29287	47600	-18313	663600
196903	97002	0	8372	-3336	0	55148	8184	-472	26920	4916	14380	8124	-11008	4104	5076	21078	7944	2720	146990	42590	25657	79341	-598	91786	13918	16007	61861	55204	28672	9650	17480	-598	48398	19580	11750	7628	3404	-6104	12140	-4549	108357	17480	90877	58700	32177	685300
196904	68357	0	-424	5724	0	22956	8916	324	9664	6480	11172	5204	-20048	1244	5116	19277	7956	7752	143816	40109	25981	79235	-1509	93621	14257	16209	63155	50195	25852	9772	16080	-1509	36084	16492	3366	7620	2652	1116	4839	-4589	87057	16080	70977	59200	11777	698400
197001	91229	0	19004	5056	0	28856	15132	-648	2064	11104	3628	-1912	-1984	1472	5364	18697	5340	8912	145936	40131	25749	78438	1618	95310	14320	16730	64260	50626	25811	9019	14178	1618	21935	16068	-36532	5195	2972	-4480	38712	-4768	124688	14178	110510	59500	51010	710100
197002	85909	0	18988	40488	0	2024	8452	-60	-8128	2612	-260	5856	-6068	-380	5104	17213	3144	-1052	145301	38841	26279	79569	612	96796	14629	16961	65206	48505	24212	9318	14363	612	24406	6932	18458	3231	2672	-2912	-3975	-4784	114792	14363	100429	69600	30829	730600
197003	122129	0	39660	69500	0	-23840	-29488	444	-13024	2564	-1688	15320	-1264	3296	5264	22101	3840	5604	145402	39800	26678	80426	-1502	98383	14866	17247	66270	47019	24934	9431	14156	-1502	47015	12534	15205	6347	2116	968	9845	-4676	126809	14156	112653	74400	38253	747600
197004	16256	0	-48268	55052	0	-29648	-3280	1540	-23992	640	-5684	13312	-11800	-384	5632	24084	7408	1996	143391	44361	26540	76003	-3513	100086	15045	17465	67576	43305	29316	9075	8427	-3513	41949	17635	20360	2943	1472	1268	-1729	-4828	22440	8427	14013	74400	-60387	754500
197101	131217	0	36304	90132	0	-52412	-8820	1776	-32688	-3708	-6004	8892	-13172	1312	5996	21693	11120	18384	164125	47924	27440	85745	3016	102621	15577	17889	69155	61504	32347	9551	16590	3016	70506	23649	5509	18265	944	316	21823	-4954	127169	16590	110579	78300	32279	777800
197102	135721	0	18824	68128	0	2100	-5504	2596	13916	-6820	-1412	10244	-10668	-252	6336	20873	14860	4600	175088	53840	28425	88332	4491	105202	15961	18182	71059	69886	37879	10243	17273	4491	66667	20161	28541	11161	948	3484	2372	-5035	143974	17273	126701	83800	42901	797900
197103	135504	0	28936	49900	0	5700	-1704	2360	6240	3852	-3524	8764	-8896	-1392	6524	25244	15420	3780	179443	57492	28892	90395	2664	107456	16317	18634	72505	71987	41175	10258	17890	2664	74104	29206	17946	15013	1140	2424	8375	-5450	138837	17890	120947	81900	39047	809000
197104	34440	0	-30228	53700	0	-43360	408	2576	-29280	3024	-3092	364	-17640	280	6552	28092	12788	6896	181366	60626	29102	93848	-2210	109048	16654	19117	73277	72318	43972	9985	20571	-2210	84207	33188	23561	17893	1020	3940	4605	-7749	30300	20571	9729	78600	-68871	822500
197201	151179	0	24900	70724	0	-14904	1228	3144	-2860	-6984	936	1208	-12476	900	6676	35747	10512	17524	192516	65627	30792	96370	-273	110686	17924	18610	74152	81830	47703	12182	22218	-273	92237	36409	9311	16546	808	7268	21895	-7737	148509	22218	126291	74500	51791	836300
197202	149670	0	15248	71244	0	544	-9260	3340	20992	-4380	632	3596	-11508	-2868	6824	41110	8484	6216	199305	67148	30587	99030	2540	117076	19438	21602	76036	82229	47710	8985	22994	2540	96856	30958	32889	20738	1028	5576	5667	-6024	141067	22994	118073	67900	50173	848900
197203	129636	0	-1092	79760	0	-27328	-11308	3040	-3580	-2736	-1740	2736	-12868	-872	6944	52640	8472	10240	203458	68558	31417	101856	1627	115916	18641	19529	77746	87542	49917	11888	24110	1627	94448	41428	23215	16938	1032	1588	10246	-6435	129166	24110	105056	74600	30456	874300
197204	112496	0	13044	68484	0	-45340	-1348	3480	-14804	-8592	2216	-80	-22408	-3804	7056	44828	10436	13988	212193	73182	33271	106712	-972	118570	19082	20019	79469	93623	54100	13252	27243	-972	111968	44002	35220	23834	932	124	7855	-7020	101171	27243	73928	91700	-17772	916700
197301	175834	0	20828	84664	0	-11632	-5524	3528	-3944	-1896	7824	1288	-10984	-1924	7216	41470	12628	20660	224027	76760	35724	115034	-3491	121096	19705	20550	80841	102931	57055	15174	34193	-3491	124441	45266	10575	24978	1132	-4144	46634	-7256	161580	34193	127387	88500	38887	938400
197302	169927	0	28580	62248	0	22760	2244	3736	29904	-864	2312	-876	-10528	-3168	7420	28879	15716	4324	232971	74685	37964	114675	5647	126526	20971	22327	83228	106445	53714	15637	31447	5647	92174	39375	22747	25582	1724	-5740	8485	-6116	190314	31447	158867	99500	59367	965400
197303	132828	0	-14232	57748	0	27088	2440	1608	12640	3400	7964	7388	-8024	-328	7452	35848	14616	4308	230697	73993	39433	114342	2929	128853	21096	22040	85717	101844	52897	17393	28625	2929	85363	42296	-7701	19286	3584	-2704	30602	-6312	155621	28625	126996	103700	23296	988500
197304	116047	0	14816	47316	0	-8992	17328	1876	-10264	-5428	4912	3920	-16452	-4884	7304	31683	11484	12436	226481	71766	38773	112050	3892	132533	21872	22792	87869	93948	49894	15981	24181	3892	71168	44489	-7034	19990	2444	-4032	15311	-6720	145547	24181	121366	119300	2066	1021000
197401	182609	0	14520	78204	1052	22420	5328	3068	13892	-11084	8348	5240	-2184	-188	7132	30145	9328	19808	212715	68026	37198	110035	-2544	136348	22464	23978	89906	76367	45562	13220	20129	-2544	111532	42301	14156	14340	1784	-2564	41516	-6720	154163	20129	134034	116400	17634	1035000
197402	162520	0	8712	69460	1228	29360	7728	3252	7736	4176	5804	9084	-6356	-2064	6928	33356	8092	5384	218837	66589	36958	113439	1851	140770	23671	25339	91760	78067	42918	11619	21679	1851	113222	35919	34837	13472	2684	-1940	28249	-6408	133773	21679	112094	107200	4894	1055000
197403	149437	0	-8900	30592	3264	63932	17656	2364	6896	21736	17924	7384	-6160	-3868	7020	44049	5816	3664	222330	66529	36994	118621	186	145147	24713	25466	94968	77183	41816	11528	23653	186	111806	35658	29012	9660	3548	-952	34879	-6164	120979	23653	97326	109500	-12174	1086900
197404	120986	0	6080	42992	3972	7620	-8260	3252	-21216	7696	728	24636	588	196	7404	42482	2520	7916	201001	59386	38698	110181	-7264	151536	25947	25971	99618	49465	33439	12727	10563	-7264	80658	31010	27935	-1688	2780	-656	21277	-5900	95692	10563	85129	121500	-36371	1109500
197501	162177	0	-15000	91432	4964	-3836	-12736	4044	-16332	-6328	8672	12880	2212	3752	12188	55653	-2004	18780	214365	57103	37050	113972	6240	155145	25592	28244	101309	59220	31511	8806	12663	6240	75555	31176	10523	2113	1856	-72	29959	-5948	151790	12663	139127	110500	28627	1126000
197502	213527	0	47524	76128	148	12560	-20460	4324	41660	-12660	-2852	-7228	9332	444	9400	66183	-7504	9088	216614	59331	36817	118202	2264	158918	26490	28878	103550	57696	32841	7939	14652	2264	64911	33890	18654	-2651	1548	416	13053	-6465	212778	14652	198126	148700	49426	1193100
197503	162751	0	-12736	59452	188	29700	-18332	3908	24464	-5720	4656	17100	7156	-3532	8236	73043	-7428	12296	230140	64092	38244	127144	660	163063	27203	29590	106270	67077	36889	8654	20874	660	86023	40974	6276	11773	1584	1184	24232	-6717	150522	20874	129648	119800	9848	1199000
197504	177158	0	-14400	85632	-32	19648	-10256	3824	4856	-1384	5588	17324	1228	-1532	11084	59542	-2068	17752	241955	68115	38624	132862	2354	166398	27861	30034	108503	75557	40254	8590	24359	2354	112335	48541	16120	19845	1484	2056	24289	-6662	147042	24359	122683	123200	-517	1231500
197601	205374	0	25804	111372	-552	-21956	6088	4388	-27072	-5020	12664	-12132	704	-1576	7956	51254	11852	19644	256140	75631	38985	141267	257	170808	28106	30679	112023	85332	47525	8306	29244	257	124888	62392	13834	19262	1156	4084	24160	-6806	172624	29244	143380	121700	21680	1263400
197602	254798	0	26916	97720	-924	49028	-3172	4644	21828	2280	8416	9372	9552	-3892	9840	55010	6648	10560	262793	80116	40039	143264	-626	175086	28902	31508	114676	87707	51214	8531	28588	-626	106939	49524	17380	18102	1512	6388	14034	-7065	242631	28588	214043	122800	91243	1284500
197603	160337	0	-12176	90900	-84	-2976	-8964	5208	-9140	-2556	-1104	15704	1884	-4008	8888	56037	8272	11476	270791	80013	41384	146428	2966	178563	29530	31918	117115	92228	50483	9466	29313	2966	119681	61635	15507	19762	1444	1688	19644	-7173	140057	29313	110744	124200	-13456	1315700
197604	173372	0	8128	106240	300	-24624	-9736	4380	-42544	13304	-9980	19888	2208	-2144	10108	44556	7576	21088	283058	91802	42487	151125	-2356	182711	30344	32704	119663	100347	61458	9783	31462	-2356	143269	66924	22738	30734	1360	3460	18052	-7900	138350	31462	106888	120300	-13412	1346200
197701	307100	0	50164	143552	-1880	7972	30760	4740	-10732	-17708	4228	4964	-5800	-2480	9200	59816	7632	30644	301334	96981	45386	159470	-503	189272	32063	32907	124302	112062	64918	12479	35168	-503	182807	80426	14006	27188	1656	1704	57828	-14162	250517	35168	215349	109800	105549	1372600
197702	207641	0	10108	85904	-32	23652	11928	4980	3032	-644	11436	-1792	-7528	2240	9732	55241	8232	14804	328957	111023	47849	164064	6021	195181	33256	34364	127561	133776	77767	13485	36503	6021	174716	89577	28562	40920	1824	4352	9482	-7874	174575	36503	138072	119600	18472	1411300
197703	267005	0	17068	104848	-548	5252	3220	4496	7952	224	-8004	744	-4240	860	9744	110477	8660	11504	337522	114260	49488	168076	5698	199736	34065	35197	130474	137786	80195	14291	37602	5698	180808	97295	22534	36092	1752	-172	23307	-7653	231636	37602	194034	130300	63734	1454200
197704	186037	0	-10100	87340	1020	768	11760	4760	-18972	644	7804	6000	-10248	-980	11260	58777	8904	28068	352136	116117	51738	173806	10475	205785	35183	36527	134075	146351	80934	15211	39731	10475	180594	98129	30110	37884	1672	2184	10615	-7415	159210	39731	119479	141500	-22021	1504700
197801	317148	0	56024	118192	5784	-10352	1028	4784	-17448	-160	27120	-9900	-17764	1988	10624	76660	9460	50756	345276	120133	51971	172468	704	213986	37279	37277	139430	131290	82854	14694	33038	704	216745	97516	18210	39675	1792	7496	52055	-7168	238862	33038	205824	144100	61724	1539000
197802	283150	0	19616	96796	4712	45892	21296	4632	22848	-644	23836	-10168	-13516	-2392	12276	66650	10244	26964	378453	129648	58117	189121	1567	220387	38555	38556	143276	158066	91093	19561	45845	1567	237970	100594	31706	60227	2448	10196	32798	-7096	210342	45845	164497	134900	29597	1589100
197803	291004	0	14184	102992	4248	8108	216	3316	18348	-524	18628	-18764	-13124	12	11460	110912	10172	28928	394600	134770	61920	189827	8083	227724	39937	39932	147855	166876	94833	21988	41972	8083	247264	117851	31219	45191	2540	7124	43339	-7196	217812	41972	175840	143700	32140	1630500
197804	245806	0	-23068	98752	6992	39520	32552	2984	-24180	796	31568	324	-3888	-636	11884	79538	9180	23008	398951	137899	66082	194956	14	235057	41321	41312	152424	163894	96578	24770	42532	14	230089	123778	38595	40559	3604	-14344	37898	-7296	186906	42532	144374	147400	-3026	1674700
197901	298863	0	33508	86944	25952	10712	16000	-516	-5564	3104	23228	-8584	-14296	-2660	10532	75443	8588	47184	407282	137312	68670	196087	5213	241120	42921	42526	155673	166162	94391	26144	40414	5213	262695	121979	23274	45223	4120	-3276	71375	-7448	209779	40414	169365	162100	7265	1725800
197902	307990	0	39996	38932	27028	55048	2504	132	59788	-4316	21316	-5660	-18704	-12	11580	91234	8276	35896	409543	139326	70725	195149	4343	249738	44676	44446	160616	159805	94650	26279	34533	4343	275823	112643	59687	44711	3928	10528	44326	-7312	199284	34533	164751	154600	10151	1760100
197903	333615	0	38248	94192	27532	12644	12580	-100	36160	504	10464	-25404	-18804	-2756	10388	116023	7572	27016	426786	142165	74479	203240	6902	258408	46343	46534	165531	168378	95822	27945	37709	6902	278218	122949	54516	45931	3728	5164	45930	-7464	231238	37709	193529	152600	40929	1813900
197904	308198	0	-29696	87624	38816	80812	-2724	-2776	88392	-6792	8816	15528	-17268	-2364	11244	90682	6412	22304	416986	140088	74676	201524	698	264185	47353	47168	169664	152801	92735	27508	31860	698	249141	107146	53902	37379	7096	-11164	54782	-7940	219798	31860	187938	167600	20338	1874300
198001	309325	0	5024	100436	57624	-16872	5864	-15520	1956	24276	11188	-29564	-6728	-8344	9836	123577	4284	25416	410110	132762	73582	203842	-76	272259	48700	49982	173577	137851	84062	23600	30265	-76	241183	99292	49463	17909	8392	5108	61019	-8168	214161	30265	183896	184800	-904	1944000
198002	298667	0	-11796	91028	61496	2480	-42432	-10416	59468	-5920	6928	-6480	-1432	2764	10760	131243	1044	12412	360651	110671	69628	184933	-4581	281886	50475	51786	179625	78765	60196	17842	5308	-4581	128547	58967	59134	-25283	10088	-460	26101	-8716	257602	5308	252294	194000	58294	1955200
198003	322023	0	58528	128076	-112	-18088	-11752	-1396	-9940	-4516	7400	2756	-3068	2428	9672	114715	2460	26772	370623	115225	71871	197090	-13563	288195	51800	52832	183563	82428	63425	19039	13527	-13563	193939	105640	45097	5961	3336	5408	28497	-9296	219808	13527	206281	201600	4681	2021200
198004	346691	0	-3236	165544	-23404	34384	28420	-2060	26784	5324	7516	-24280	-9472	2152	10748	105335	8496	48824	407776	129568	77672	206815	-6279	295016	53428	54376	187212	112760	76140	23296	19603	-6279	236921	109469	45979	15125	4856	19060	42432	-8932	231462	19603	211859	225300	-13441	2115500
198101	341379	0	62532	10640	129900	-42728	10724	-8692	-57196	-17900	60400	-7468	-24884	2288	9172	104319	15616	51928	436136	130042	81583	216091	8420	300439	53603	57135	189701	135697	76439	24448	26390	8420	186170	77206	41360	21285	6984	-11720	51056	-8652	299557	26390	273167	211700	61467	2161900
198102	355750	0	17932	96548	36060	-4912	-33652	-4528	48356	1648	22828	548	-44948	4836	10536	123394	23712	52480	437551	127648	88571	211375	9957	307108	55142	58737	193229	130443	72506	29834	18146	9957	203208	87187	36100	22921	6964	1488	48548	-9124	292109	18146	273963	218200	55763	2202800
198103	387971	0	23688	108528	110860	-55212	-29448	-3696	21504	-3228	25784	-5000	-64728	3600	8900	131443	23096	36668	447948	119229	93764	221524	13431	314254	56489	60221	197544	133694	62740	33543	23980	13431	164680	59870	33608	27865	8820	-4444	38961	-9508	366493	23980	342513	262200	80313	2289600
198104	355630	0	73472	63224	66964	-49592	5572	-436	10552	-35076	-4060	17260	-49988	6584	9732	118638	13712	59480	422886	108548	99104	207793	7441	320518	57734	61394	201390	102368	50814	37710	6403	7441	161979	48027	59572	7281	6648	7820	32630	-9764	305784	6403	299381	285000	14381	2330000
198201	441169	0	29672	123340	25324	88528	13232	-2780	21972	-1172	70900	840	-13620	-844	7676	125825	5032	35772	416371	103804	93711	215128	3728	323453	58423	63445	201585	92918	45381	30266	13543	3728	162493	61471	38989	22625	5196	-15092	49304	-11476	383070	13543	369527	273200	96327	2359700
198202	436687	0	-21404	108972	44848	120428	23520	-212	66876	2184	56704	-23712	-3440	-1492	8144	157799	-3028	20928	412936	101929	90244	216858	3905	328028	59380	64453	204195	84908	42549	25791	12663	3905	179153	45300	59093	20689	5400	-604	49275	-10336	352778	12663	340115	282600	57515	2399000
198203	482481	0	46736	73376	108028	112256	-32636	588	72904	3304	31008	48080	-14308	3316	6588	113757	-4940	26680	416106	102535	86122	218592	8857	331945	60021	65228	206696	84161	42514	20894	11896	8857	178383	40070	68101	9769	4184	6796	49464	-10004	398263	11896	386367	280100	106267	2447200
198204	299164	0	19480	160148	-49436	-81392	10424	3028	-50488	-612	-2328	18656	-69016	8944	8860	184648	-1164	58020	426099	110487	84216	229002	2394	337170	61214	67808	208148	88929	49273	16408	20854	2394	214957	70955	58657	22261	2104	19972	41008	-8596	181732	20854	160878	247100	-86222	2478700
198301	561294	436	88236	240860	-121988	108124	-4268	1900	63348	-6032	76000	-22996	-20772	20944	7664	184658	1888	51416	438022	130033	83548	233137	-8696	337753	61157	65572	211024	100269	68876	17976	22113	-8696	229662	95400	70408	23876	1816	3808	34354	-8284	440184	22113	418071	247200	170871	2521200
198302	501351	-184	19320	167788	-39860	111452	-22268	3504	79064	-4284	57704	-25956	-7532	31220	9480	206479	1832	25044	467334	145719	82960	251343	-12688	341272	61407	66188	213677	126062	84312	16772	37666	-12688	268046	103023	62103	37940	1080	24060	39840	-8432	367799	37666	330133	223400	106733	2564300
198303	524682	444	9088	233336	23140	80744	-22268	3472	49556	3168	36064	32032	-37196	15916	8184	154302	3832	11612	477870	160998	85501	262346	-30975	348307	62671	69265	216371	129563	98327	16236	45975	-30975	284988	127228	59485	52892	556	4092	40735	-8884	378141	45975	332166	220500	111666	2635100
198304	334208	568	-52920	170032	13884	-28288	27732	3680	-41428	-4004	-5052	484	-28184	18484	9788	167272	7472	46400	528154	169335	88742	277218	-7141	351347	62394	69109	219844	176807	106941	19633	57374	-7141	331399	135873	68748	77932	772	1584	46490	-7560	187176	57374	129802	243300	-113498	2712900
198401	560528	1012	23528	267328	7740	85780	-3000	3056	100008	1080	57444	-46444	-47044	20680	5044	112684	11772	45640	564090	175063	90565	289586	8876	359037	64014	70222	224801	205053	111049	20343	64785	8876	351399	152497	74543	79420	424	-9816	54331	-8708	422890	64785	358105	288100	70005	2805300
198402	599878	360	28660	261172	30804	143932	27000	2752	107280	-264	57980	7952	-67880	9112	6092	96410	16548	15900	581087	179818	93867	298642	8760	364696	64917	71268	228511	216391	114901	22599	70131	8760	355490	135218	96707	99272	524	3736	20033	-8212	468992	70131	398861	306500	92361	2885400
198403	538686	-1016	-17444	209996	15008	100280	7000	3044	66244	18708	53244	15628	-89480	25892	5436	201678	17492	7256	585346	179804	95779	299715	10048	371856	65621	72225	234010	213490	114183	23554	65705	10048	323069	113427	94458	71504	428	-8968	52219	-8192	437300	65705	371595	334400	37195	2954900
198404	517264	-364	31172	180076	113844	-61428	37000	3268	-65920	32956	-12324	1952	-66772	8412	7628	207328	14528	24480	596342	181373	97181	310625	7163	378419	66223	73898	238298	217923	115150	23283	72327	7163	380780	133866	93241	76628	212	5676	71157	-8328	362734	72327	290407	330000	-39593	3002400
198501	782998	460	76848	154540	-21876	170155	-27000	3712	113740	-26505	139212	41124	-115188	41060	8452	267747	12060	114612	617484	181613	102881	324675	8315	384777	69068	71603	244106	232707	112545	31278	80569	8315	454429	200777	86536	99470	-148	-4880	72673	-8906	570182	80569	489613	283600	206013	3032100
198502	574062	-820	22172	149920	46324	34343	-7000	5016	-22000	61567	39400	23120	-119092	53332	11388	254467	9880	46388	621292	183352	102838	330016	5086	392373	69641	72694	250038	228919	113711	30144	79978	5086	411979	139170	92822	79354	-220	25056	75798	-8593	399595	79978	319617	319000	617	3117600
198503	449210	1580	67488	127072	-10464	29186	13000	6204	55584	-21698	38840	-27100	-90520	54876	11268	187588	10108	25384	647574	186987	101664	351873	7050	402867	70923	76575	255369	244707	116064	25089	96504	7050	449571	182893	89182	85326	-348	8360	84157	-9362	253708	96504	157204	245700	-88496	3115400
198504	563258	2044	-47716	89948	-4824	-21780	-7000	6116	-106996	-47116	164368	-26544	-148688	144080	15088	435914	12664	81920	645289	193522	105541	340444	5782	411084	71533	79040	260511	234205	121989	26501	79933	5782	484305	171532	68872	71810	152	46924	125014	-8875	322033	79933	242100	271800	-29700	3172200
198601	615431	644	125604	123560	34904	33880	-44420	6584	-96192	-17200	34772	70184	-42556	122708	15720	160847	15148	105124	663758	204301	107400	348127	3930	417853	71107	78738	268008	245905	133194	28662	80119	3930	332766	175728	59681	55403	76	8596	33282	-9206	537776	80119	457657	287700	169957	3233300
198602	617313	696	132252	78160	77284	110478	-4420	9592	-24772	18002	39540	60092	-77784	90228	18384	170847	17356	11856	684309	217792	106262	362758	-2503	425326	71664	80576	273086	258983	146128	25686	89672	-2503	300891	199362	59945	67459	164	-24	-26016	-9658	585063	89672	495391	290500	204891	3269100
198603	537830	1284	100832	80572	63012	35133	45580	15792	59748	3077	-80580	-29284	-93036	113836	18292	196041	17996	24668	726113	224079	106421	398917	-3304	434445	72245	82297	279903	291668	151834	24124	119014	-3304	390795	252722	63498	64611	100	10716	-852	-10182	448886	119014	329872	256400	73472	3307300
198604	541731	480	104100	93640	-20196	45124	-14420	22252	2904	2340	33116	26956	-152984	124960	20656	236491	17000	44436	721973	225612	103023	395658	-2320	446908	72810	85052	289046	275065	152802	17971	106612	-2320	367110	183002	80564	35651	-908	7632	61169	-9830	459516	106612	352904	238900	114004	3330700
198701	463312	-264	-39280	91840	-20028	124790	-17680	3596	-78228	1714	132188	76820	-186248	192628	28020	169158	17444	91632	703400	228207	108594	372469	-5870	452335	75589	83618	293128	251065	152618	24976	79341	-5870	273558	259786	33946	-13496	-1072	-15448	9841	-10314	451134	79341	371793	273000	98793	3397000
198702	562295	-648	50696	82532	39796	188696	2320	8632	145244	-11548	88024	43216	-164784	77592	25544	159911	19152	-3384	724462	230958	111588	391276	-9360	460815	76180	85240	299395	263647	154778	26348	91881	-9360	380898	261909	40611	47516	-352	13288	17926	-10171	455215	91881	363334	198100	165234	3389400
198703	497160	-500	41648	124008	13532	98943	-17680	8592	20096	14531	87316	71468	-120524	35144	29256	153905	17372	18996	755070	232196	115981	410617	-3724	469785	76800	86889	306096	285285	155396	29092	104521	-3724	333530	213769	24344	53972	976	10024	30446	-10518	459433	104521	354912	225600	129312	3484500
198704	359837	888	-40328	198956	51172	-67245	42356	10264	-15112	13631	90948	-59640	-89468	-60224	24944	164786	11368	15296	750557	235186	115218	400158	-5	480021	77797	88819	313405	270536	157389	26399	86753	-5	250824	218617	44231	41148	252	-73224	19799	-9701	389250	86753	302497	268800	33697	3562200
198801	574300	-140	51092	212312	33820	-46614	-6448	9876	18408	-18442	47968	2936	-144016	43104	24584	203914	4572	90760	763884	232657	117761	416799	-3333	482308	79949	89354	313005	281576	152708	28407	103794	-3333	361326	191977	61561	58496	-4716	-4688	58696	-10084	504635	103794	400841	262405	138436	3638505
198802	606203	1624	33376	165416	-6044	144211	32000	8692	179792	-13505	59264	10092	-111900	-20224	25684	189664	-3608	55880	766373	236634	122274	418056	-10591	490017	80845	90798	318374	276356	155789	31476	99682	-10591	402117	243971	79899	50920	2120	2424	22783	-9884	490325	99682	390643	273745	116898	3711345
198803	600020	752	-16480	160856	3200	164666	62000	8148	70888	16382	56208	-5200	-53104	9344	21900	225646	-3012	42492	766178	238228	123412	414308	-9770	499829	81698	92279	325852	266349	156530	31133	88456	-9770	405729	224780	73897	40000	1304	3600	62148	-11202	471841	88456	383385	280084	103301	3786884
198804	481198	1412	-55744	130524	38848	21598	50000	7096	11992	83850	68648	-38524	-163488	2024	32276	249048	5636	57600	776255	242379	124009	427609	-17742	509522	82851	93385	333286	266733	159528	30624	94323	-17742	369230	225819	79550	36848	1104	5500	20409	-11286	389987	94323	295664	275538	20126	3858238
198901	334910	1780	33342	57652	14331	-45351	21936	8288	90653	-11831	19254	-25577	-131866	-16208	15088	211871	12712	33484	806988	242768	125896	429055	9269	515174	86823	90456	337895	291814	155945	35440	91160	9269	304292	158747	28513	45388	3104	-16672	85212	-11049	333481	91160	242321	313899	-71578	3954899
198902	566715	-484	517	51447	154007	-23465	-52616	8184	113315	-41131	-8119	20265	-95968	32605	34660	274237	17904	57892	806214	238367	127638	435677	4532	524725	87828	91909	344988	281489	150539	35729	90689	4532	395844	206484	52498	54220	3756	21212	57674	-12087	464447	90689	373758	285315	88443	3993415
198903	480433	944	-16270	134876	117344	-31654	-15188	8431	-6012	42450	16939	27899	-150157	43984	23184	216594	21904	13512	806909	236426	128424	446808	-4749	544258	92186	101456	350616	262651	144240	26968	96192	-4749	373447	255151	55163	35764	2568	-1388	26188	-11841	381479	96192	285287	269811	15476	4038811
198904	598541	820	-15332	79692	21830	114197	4412	7772	-67892	83471	68318	13445	-40237	44908	45464	273156	24684	54031	784428	232874	121259	433860	-3565	551983	93235	101615	357133	232445	139639	19644	76727	-3565	445961	288027	36259	52544	3284	-7016	72862	-12763	397788	76727	321061	279595	41466	4099595
199001	506078	-476	36770	54105	10566	82560	-60348	6142	44712	8853	70541	18604	-16919	10977	24304	234276	29632	34341	817424	237257	121791	455967	2409	550066	89474	100646	359946	267358	147783	21145	96021	2409	272131	228040	4851	18032	14648	-2252	8812	-12999	514305	96021	418284	292605	125679	4198205
199002	662994	2228	64203	23396	-630	221768	-14460	9110	116430	33405	17849	58029	-42662	44068	31712	278306	36684	5326	783939	229033	114109	440576	221	560789	90896	102331	367562	223150	138137	11778	73014	221	246691	239615	-9039	18068	8120	-7820	-2254	-18130	657583	73014	584569	307131	277438	4268131
199003	551715	2548	-14035	20146	73121	191139	31680	10142	175654	17457	-17055	28219	-33751	-21207	24140	183448	36468	34739	770825	216975	112788	436154	4908	568085	92481	103465	372139	202740	124494	9323	64015	4908	219101	185722	-6932	31660	-10028	-13200	31879	-14966	550320	64015	486305	297890	188415	4325690
199004	436653	1340	-126158	36684	28019	248327	68084	8558	8380	-1505	39102	172510	-102219	55417	25796	136047	28964	57632	745789	205160	111321	424895	4413	574807	94041	104062	376704	170982	111119	7259	48191	4413	196629	171752	9839	-7336	3656	8348	10370	-14525	425531	48191	377340	299966	77374	4351266
199101	566767	2128	130239	23048	113226	-31508	-67416	11132	-30904	-42614	19781	111645	-78061	44930	32792	271669	23900	1274	722615	193359	114358	415662	-764	582066	96929	103303	381834	140549	96430	11055	33828	-764	193012	181040	25568	1875	12980	-7768	-20683	-14827	529132	33828	495304	320475	174829	4387175
199102	485262	-8	19594	-91145	-38683	228469	-67420	16417	111192	-3807	42060	84408	-31208	76827	33632	290072	21200	22131	728762	198711	113161	418494	-1604	588307	97572	103170	387565	140455	101139	9991	30929	-1604	231645	217340	18691	-8037	2308	2780	-1437	-14265	408337	30929	377408	317570	59838	4441770
199103	335567	1808	16333	-109285	-18530	129350	22584	11025	-16379	-25593	36571	-17241	-12287	130669	18904	228167	16204	52616	735820	208111	111382	426613	-10286	590840	97836	102482	390522	144980	110275	8900	36091	-10286	93213	78712	-64693	-19029	5124	29988	63111	-15781	403115	36091	367024	313607	53417	4483707
199104	380751	184	40371	-97210	-16485	195650	-7424	9062	-12487	-17346	61628	96099	-81488	147606	22028	137932	8752	89528	754992	212217	114746	420303	7726	597901	98840	104582	394479	157091	113377	10164	25824	7726	221106	192662	-1322	-10049	-1256	40028	1043	-14715	331450	25824	305626	344708	-39082	4544508
199201	405388	4	140038	-67870	13206	141106	-67340	12959	81493	-53810	28956	44408	18834	75606	29388	191129	204	-41817	775168	222399	107374	437784	7611	578064	105692	86259	386113	197104	116707	21115	51671	7611	202930	195360	-12323	6750	2156	-15356	26343	-16241	415804	51671	364133	359406	4727	4651406
199202	347351	1548	49531	-118294	-3098	178444	16660	15621	99489	-117535	-61304	66707	-11090	169897	18452	237635	-10096	-6772	802070	233243	116098	442595	10134	581979	105783	86809	389387	220091	127460	29289	53208	10134	140555	111426	-24282	-7566	4272	20420	36286	-15461	442348	53208	389140	373674	15466	4716074
199203	600901	2204	108455	-78769	-85849	324187	656	21601	90625	-14040	-3788	-150	93011	136272	38668	223391	-12160	80774	812052	235350	118044	452757	5901	642246	120432	128244	393570	169806	114918	-10200	59187	5901	186900	181110	-19850	12790	5776	-1968	9042	-16533	600341	59187	541154	350074	191080	4768574
199204	398213	936	161520	-104075	-78515	132497	36656	26399	2853	22655	-100631	33659	-26427	137333	30024	241373	-6240	20694	822825	236977	119273	463213	3362	593395	107296	88765	397334	229430	129681	30508	65879	3362	254402	191436	-24201	24778	10408	-9464	61445	-16945	390186	65879	324307	380970	-56663	4869570
199301	348084	-620	-27802	-204157	-22743	207271	14356	24158	42773	-14824	10629	1937	-56566	184809	34084	298114	-4680	68617	837413	248316	125788	466840	-3531	621043	104358	106668	410017	216370	143958	19120	56823	-3531	139976	87923	-14870	32019	3228	25204	6472	-17138	441616	56823	384793	272413	112380	4801613
199302	398971	-372	43987	-81374	41034	116839	16000	12067	56597	-138568	-45449	13750	21693	180749	38376	226514	-7920	21887	862615	254042	126781	485228	-3436	621981	104128	104448	413405	240634	149914	22333	71823	-3436	249949	202570	-5551	42491	3884	-2908	9463	-17909	407565	71823	335742	304146	31596	4901146
199303	552032	-2620	120726	-2099	-10999	49818	10000	11480	-53929	-69589	-41525	-3042	-24627	221051	37356	278352	-672	82170	866444	259231	125369	493391	-11547	635107	106654	108542	419911	231337	152577	16827	73480	-11547	305896	180660	-30498	69031	7368	33312	46024	-18158	495631	73480	422151	264518	157633	4924318
199304	401278	-708	61317	-133158	-4124	176135	22056	10928	101969	-7474	-87693	79406	-181492	238435	38596	215675	16916	30629	912822	274272	130156	509105	-711	640800	105948	108680	426172	272022	168324	21476	82933	-711	314457	167201	-13853	102059	8036	34988	16026	-19743	378586	82933	295653	294919	734	5020719
199401	334229	-164	-60491	-53053	-76101	209293	608	12870	-22242	182024	-14461	36298	-67988	82184	25260	201747	14128	73611	938864	283286	118932	518660	17986	693004	134632	127059	431313	245860	148654	-8127	87347	17986	318286	179961	-27554	106079	6164	3640	49997	-20981	282783	87347	195436	203328	-7892	4998728
199402	637533	4524	-38785	-95420	68556	337847	1876	8722	318924	77023	-106657	33108	-77868	82720	24716	264987	23620	47487	959807	293413	119978	526018	20398	650688	117972	95545	437171	309119	175441	24433	88847	20398	343334	171110	-7294	134879	9900	-3720	38459	-21905	625223	88847	536376	258886	277490	5118086
199403	578377	2040	17794	93585	-23453	81133	3524	6460	165076	59606	-2114	-11339	-199939	59859	68392	287166	22572	29149	959314	292988	119573	533709	13044	660969	119916	96830	444223	298345	173072	22743	89486	13044	362462	162736	-20207	136707	7612	-14140	89753	-20235	534495	89486	445009	256405	188604	5197505
199404	416540	5976	8438	-49128	90591	39294	-1332	3941	213184	129209	-82324	91821	-266197	-49007	23772	240837	10860	45900	992736	300318	133278	551965	7175	673893	122260	99783	451850	318843	178058	33495	100115	7175	436606	201676	-26031	161627	7404	9932	81998	-20191	318967	100115	218852	279401	-60549	5293101
199501	355147	5908	-13679	98394	4025	-79298	1324	6390	-67035	-94208	12209	82699	-2954	-17722	51968	192425	712	94692	975721	297479	135046	545611	-2415	683666	118517	111407	453742	292055	178962	23639	91869	-2415	392789	168748	1659	149140	6192	-20804	87854	-20021	274434	91869	182565	302895	-120330	5350895
199502	612603	8548	-615	167316	244850	-114776	1328	4986	120212	-35131	-165536	11659	-101970	49676	58124	179047	4512	65597	955221	286734	128687	551075	-11275	695965	121213	113538	461214	259256	165521	15149	89861	-11275	392640	183722	11748	145384	6780	-4432	49438	-19755	498974	89861	409113	252886	156227	5376286
199503	725495	-1432	-59367	200859	89010	257806	1324	4375	-3373	105776	27959	179539	-178367	120574	34396	150798	1796	51629	975045	298773	129750	565357	-18835	705588	123278	115839	466471	269457	175495	13911	98886	-18835	477034	187842	7465	157896	9344	34440	80047	-21304	539222	98886	440336	230219	210117	5427119
199504	407995	5236	-34642	58931	60463	72360	1328	4534	-109760	129237	-86817	74038	-127933	187732	38872	83282	18620	104874	1003143	306857	125168	574477	-3359	722027	126560	124250	471217	281116	180297	918	103260	-3359	394190	146072	2210	137196	19652	4964	84097	-21876	316796	103260	213536	217552	-4016	5478552
199601	794617	10660	32208	194397	74708	213065	6668	4130	-69700	-8628	-14663	80134	-39105	254229	18452	146597	-5828	110358	1031151	316340	132978	580498	1335	720036	126044	119434	474558	311115	190296	13544	105940	1335	567342	257001	30082	134489	7424	42068	96278	-22155	560544	105940	454604	236507	218097	5574507
199602	774611	6688	-71847	93203	75150	470851	6668	2897	41336	202905	-54959	128255	-118866	262616	32432	121377	-6312	53069	1069560	330330	131580	594859	12791	730178	127232	120812	482134	339382	203098	10768	112725	12791	497231	223193	25804	119637	4824	2964	120809	-23568	640330	112725	527605	222951	304654	5656551
199603	566824	16000	12925	182705	44809	50675	6668	1651	111054	131856	-40085	7896	-327427	159062	60556	102804	-10224	106573	1083382	332360	134823	597385	18814	736586	128739	121777	486070	346796	203621	13046	111315	18814	456250	218693	12153	94413	11816	-11656	130831	-24735	482105	111315	370790	234974	135816	5727474
199604	359690	16112	-189226	157178	16266	-45416	6668	-626	-83743	73629	-29458	80716	-256262	163661	66392	193615	2156	142613	1081807	329312	139691	606799	6005	747669	130437	125422	491810	334138	198875	14269	114989	6005	453145	211406	48570	67369	-5900	29896	101804	-24382	265065	114989	150076	219232	-69156	5795232
199701	321422	11244	-77275	125004	47254	-81896	1456	-1057	-114800	33009	10034	-110388	-131091	230940	53560	172594	-52492	123429	1085260	329463	131729	622612	1456	753306	133241	125842	494223	331954	196222	5887	128389	1456	585920	254131	-1334	84237	5908	27772	215207	-26479	93935	128389	-34454	213566	-248020	5877366
199702	789531	1384	45556	130246	141898	101809	1456	-307	-61808	37054	-5505	20362	-137516	248073	62404	188953	-54016	171297	1089322	334874	135002	614532	4914	763301	135368	126894	501039	326021	199506	8108	113493	4914	547153	205959	38278	69449	6896	36144	190426	-27124	595523	113493	482030	230613	251417	5936613
199703	729486	6220	-47214	246836	121054	65551	1460	-248	-73765	8918	56939	86111	-372115	358253	63904	212350	-52484	113268	1133134	336983	146030	638556	11565	770018	137525	128219	504274	363116	199458	17811	134282	11565	611419	328975	61424	78785	2984	68228	71024	-28315	509498	134282	375216	204685	170531	6020785
199704	485202	7284	33433	68226	17568	-44070	1456	-432	-285515	159111	83956	123842	-390006	263518	57400	203911	-52904	187946	1117072	338388	118583	651372	8729	782063	139515	132391	510157	335009	198873	-13808	141215	8729	464582	177632	29030	46589	-2944	14900	199375	-29178	384808	141215	243593	224224	19369	6120424
199801	657033	-3364	-234311	231232	122277	111629	7540	-96	-36914	-139443	22184	219650	-273342	312050	29176	211163	-43640	228887	1181058	350351	168141	651063	11503	792508	140368	135790	516350	388550	209983	32351	134713	11503	802858	350986	96689	88372	788	35548	230475	-31384	274108	134713	139395	291736	-152341	6255936
199802	1288492	5476	111608	11604	150965	580316	7540	-381	133708	112460	9162	214515	-218138	321449	51988	200361	-44440	215359	1213274	364789	173425	677181	-2121	802245	142046	137997	522202	411029	222743	35428	154979	-2121	844108	351217	112556	154576	3796	45816	176146	-32954	888367	154979	733388	285354	448034	6357654
199803	827392	6020	39836	63907	209550	15893	7540	72	-43831	196070	-4644	-99402	-204935	165024	41768	178190	-49076	319329	1227200	376436	155511	691739	3514	813385	143906	140154	529325	413815	232530	15357	162414	3514	704143	311627	107202	92720	2004	-9840	200429	-33177	570241	162414	407827	280371	127456	6448071
199804	758074	-7656	162550	227915	62473	-101483	7540	929	-176723	121858	-15960	20002	-293765	234637	68900	239631	-47076	148103	1305366	394706	175734	728496	6430	824604	145817	142163	536624	480762	248889	33571	191872	6430	792677	423101	106504	86096	-6180	14832	168325	-34857	481016	191872	289144	249581	39563	6522047
199901	691692	6820	-8066	-39371	121479	405796	4060	919	-190331	68554	32591	332487	14117	143399	55384	65284	-8332	86643	1320232	404004	186219	720230	9779	834522	151466	141967	541089	485710	252538	44252	179141	9779	855448	449844	98408	135691	-17836	31540	157802	-35940	357894	179141	178753	240335	-61582	6586669
199902	553092	6608	-105563	93747	127960	88000	4060	414	62000	57284	-14497	-17139	-115736	111615	42060	139789	-8304	158142	1384257	422253	209434	751185	1385	846759	153600	145214	547945	537498	268653	64220	203240	1385	867179	412505	80999	98299	-2808	92716	185468	-37199	260610	203240	57370	149195	-91825	6638636
199903	718345	4164	37566	245850	50816	3917	4060	-701	-74699	147810	22018	-53525	-67385	26339	48072	99767	-8320	230854	1374858	421942	196090	764724	-7898	870026	158646	153821	557559	504832	263296	42269	207165	-7898	896199	459542	103241	120515	1300	8048	203553	-36522	363500	207165	156335	115009	41326	6708198
199904	619549	3164	2814	250437	148262	-316227	4060	-1344	163651	55599	37968	-478185	-158515	60540	57612	193062	-7472	277941	1401142	434213	200624	766393	-88	876747	158920	150071	567756	524395	275293	50553	198637	-88	936460	370581	127982	97667	-884	168356	172758	-39963	247447	198637	48810	129735	-80925	6846273
200001	581539	20048	-125928	301281	257765	-462588	24840	-3420	-220124	40832	1995	17787	-557688	233191	54856	113237	56520	356267	1447219	444357	205119	807176	-9433	887934	160032	154648	573254	559284	284324	50471	233922	-9433	1118161	399944	104080	141056	-1264	234180	240165	-36827	59489	233922	-174433	171183	-345616	7059155
200002	634789	20216	-76286	339326	139774	-271818	4840	-1759	-274827	123448	-433	157985	-351230	70158	45648	204829	56536	166072	1466125	444411	226646	787116	7952	906360	163108	157181	586071	559765	281303	69466	201045	7952	951333	459265	129760	167624	3620	-64948	256012	-36136	279357	201045	78312	171177	-92865	7141232
200003	497573	17544	-57912	259380	133660	-337097	4840	-846	-250629	157313	34817	-25177	-381849	124434	52964	126903	56280	229867	1461227	440821	223672	794573	2161	923266	166107	159826	597333	537961	274714	63846	197240	2161	857144	392547	108610	170516	5824	14556	165090	-36226	214617	197240	17377	190142	-172765	7266422
200004	341860	22000	-54372	335834	27923	-511196	24840	-758	-29306	24091	-13193	72916	-495510	-94275	47264	92012	57012	303198	1477906	443773	233541	795007	5585	935037	169105	162173	603759	542869	274668	71368	191248	5585	752789	384049	125601	190216	3207	-154956	204671	-36611	168551	191248	-22697	141195	-163892	7309231
200101	709958	-6000	144386	333735	302024	-386739	3080	1301	-132975	-391660	90817	195232	-217059	64524	62256	178596	-62272	126487	1466469	451183	207915	805018	2353	925061	175345	159565	590151	541408	275838	48350	214867	2353	642368	472184	91784	159617	3986	-157396	72193	-37260	646259	214867	431392	138703	292689	7392144
200102	739744	-4000	61418	191506	133576	7802	3080	3655	-215527	-29516	39098	-37635	-37079	281726	52160	150450	-62184	189913	1467025	464374	209270	798578	-5197	946554	182551	166143	597860	520471	281823	43127	200718	-5197	897289	581401	107646	114033	614	768	92827	-39479	402405	200718	201687	88706	112981	7407590
200103	1126879	-3600	139136	185873	225493	-98160	3080	4076	-24047	98634	33550	-169962	-170615	127124	74704	118074	-57284	522854	1484897	473413	214061	799297	-1874	948643	190855	154893	602895	536254	282557	59168	196402	-1874	1031185	483966	81665	79137	5417	248348	132651	-35417	667365	196402	470963	261526	209437	7622784
200104	302824	-6400	66792	137102	-75717	46052	3080	13272	-45422	-38906	45660	-17408	-114435	200210	119564	74687	-57716	-31865	1530319	470058	199752	862234	-1725	955080	187364	158926	608790	575239	282695	40826	253444	-1725	631342	500783	137939	205189	-1082	-246820	35333	-35200	281922	253444	28478	40399	-11921	7524818
200201	978291	2000	70789	470140	-97260	228706	-3812	7516	-1839	-29848	116115	-15612	-108202	264389	54048	186039	-3688	41458	1509978	480267	189799	837507	2406	968418	184701	164324	619393	541560	295565	25475	218114	2406	941605	655104	76206	112333	1086	-17480	114356	-35818	614065	218114	395951	209365	186586	7737844
200202	510778	12000	-20231	191854	-15175	36619	12216	4145	-65798	-116994	77334	108696	4567	12453	71448	128486	-2408	77663	1505475	491944	171293	842390	-153	978379	182331	170570	625478	527096	309613	724	216912	-153	786911	616105	107902	93481	-190	-85736	55350	-33420	284383	216912	67471	209924	-142453	7844994
200203	526153	26001	29769	395064	40863	-417477	20164	2420	-22530	-176355	64185	-223315	-2308	-79739	60784	168662	-2116	193051	1546012	500300	181696	867051	-3035	990574	185658	171341	633575	555438	314642	10355	233476	-3035	779667	627715	115613	80377	1919	-83724	37767	-35599	337523	233476	104047	126004	-21957	7848976
200204	550692	22651	63360	70727	-210241	136982	24452	4091	-284257	-121538	127162	276499	22811	87761	54172	197951	-1264	191091	1565888	515749	195879	857038	-2778	1004523	193403	168022	643098	561366	322347	27857	213940	-2778	1081729	809180	104543	46617	1403	-5692	125678	-15971	46301	213940	-167639	91294	-258933	7878866
200301	899747	26071	-32021	463233	-44864	-45217	24388	9148	-78508	-123260	16203	-89239	66069	129981	73784	193766	-26604	268532	1583596	534614	197654	848995	2333	1016546	201409	164392	650746	567049	333205	33262	198249	2333	1187871	858098	78096	89701	-1892	45300	118567	-16680	295605	198249	97356	79605	17751	7976533
200302	1299116	-23493	14857	321890	28988	220284	-30032	9963	409643	-226737	10013	-233489	-77720	358643	41120	157451	-26444	537235	1629202	548360	199472	881282	88	1026614	216386	154119	656109	602588	331974	45353	225173	88	1588867	905270	109046	108753	1133	355720	108944	-13453	326289	225173	101116	92239	8877	8075100
200303	1288469	-17864	-27713	276290	-184240	764930	6084	9776	-159494	848247	42476	-169255	-74456	261552	42156	236475	-26436	206292	1679217	579405	195481	905372	-1040	1038002	224673	150745	662584	641216	354732	44736	242788	-1040	1040019	767503	126098	108889	-2045	-83380	122955	-15184	904850	242788	662062	159733	502329	8267600
200304	601985	-20708	-120087	271175	-317275	414985	-16656	6828	-146133	542316	53802	-187731	-156596	319156	110092	194367	-25520	78206	1688065	598749	186058	903934	-677	1049452	234927	145620	668905	638612	363822	40438	235029	-677	729541	648876	143816	46141	252	-180444	70899	-14055	525111	235029	290082	111165	178917	8320600
200401	883862	79034	38227	490873	-59848	-386239	21612	3499	-119761	-307882	41393	-141541	-271724	388165	70756	233642	29795	365947	1702987	612768	178725	908734	2760	1052863	213358	164660	674845	650124	399410	14066	233889	2760	1368694	942192	92005	126808	-158	74652	133194	-15182	180475	233889	-53414	86800	-140214	8438400
200402	983838	20545	109405	313829	-26243	-59084	17316	1684	146945	15921	-13669	-180117	-141411	94247	70352	198748	8249	320105	1782254	656570	217026	907989	670	1071319	226389	156849	688080	710936	430180	60176	219909	670	1163222	729355	122395	47476	1908	64104	197984	-13773	545325	219909	325416	113400	212016	8562100
200403	873167	21597	103792	389145	-149751	20776	38027	-1489	-223569	118180	194367	-163330	-238755	297346	66632	212196	508	186056	1819265	668569	211722	937309	1665	1156073	347119	108379	700574	663192	321450	103343	236735	1665	1154322	855920	108781	123368	646	-30500	96107	-16781	398818	236735	162083	45000	117083	8627400
