%DATES	FL152000005.Q	FL152010005.Q	FL155035005.Q	FL155035015.Q	FL165035003.Q	FL165013265.Q	FL155011005.Q	FL154090005.Q	FL154000005.Q	FL153091003.Q	FL153020005.Q	FL153030005.Q	FL153034005.Q	FL154004005.Q	FL163069103.Q	FL153061505.Q	FL313161400.Q	FL153061105.Q	FL153061705.Q	FL153062005.Q	FL153063005.Q	FL153065005.Q	FL153064105.Q	FL153064205.Q	FL153067005.Q	FL153040005.Q	FL153050005.Q	FL602000005.Q	FL153080015.Q	FL153090005.Q	FL154190005.Q	FL154102005.Q	FL153165105.Q	FL153166000.Q	FL153162005.Q	FL153168005.Q	FL153169005.Q	FL153165505.Q	FL153167205.Q	FL153170003.Q	FL543077003.Q	FL152090005.Q	FL155012305.Q	FL155012603.Q	FL135012603.Q	FL165012603.Q	FL165013665.Q	FA156012005.Q	FL155035065.Q
195201	1216.85	404.24	290.3	251.3	39	1.25	112.7	812.61	133.75	0	60.25	73.5	0	99.59	0.98	66.25	49.08	17.17	0.12	7.5	6.13	18.61	154.37	3.61	0.75	58.45	29.58	0	323.06	9.46	85.7	82.15	52.83	24.6	0	0.38	2.81	1.54	1.39	1.06	1.11	1131.15	256.48	243.63	4.2	8.65	22.17	236.6	198.47
195202	1241.33	416.02	300.99	261.48	39.51	1.28	113.74	825.32	134.1	0	58.34	75.75	0	101.85	0.89	65.91	49.01	16.9	0	9.84	6.36	18.87	161.37	3.7	0.7	59.15	30.86	0	323.97	9.63	89.84	86.21	54.52	26.88	0	0.36	2.85	1.61	1.42	1.08	1.12	1151.49	261.67	248.63	4.31	8.72	22.35	239.6	206.96
195203	1255.03	420.48	302.25	262.39	39.86	1.29	116.94	834.56	138.67	0	61.39	77.28	0	103.9	1.05	67.05	49.03	18.02	0	10.61	6.13	19.08	161.33	3.84	0.68	59.89	32.29	0	324.15	9.81	92.9	89.22	56.42	27.97	0	0.26	2.88	1.7	1.43	1.11	1.14	1162.13	267.09	253.85	4.43	8.81	22.57	246	205.97
195204	1260.42	431.01	313.12	272.73	40.39	1.31	116.58	829.42	142.71	0	63.11	79.61	0	104.62	1.04	67.39	49.17	18.22	0	10.96	6	19.24	150.98	3.93	0.71	60.67	33.48	0	321.67	10.65	97.36	93.6	58.16	30.52	0	0.24	2.9	1.78	1.47	1.13	1.16	1163.06	268.57	255.33	4.48	8.76	22.89	251.3	214.57
195301	1270.38	439.76	318.64	278.19	40.45	1.36	119.76	830.62	145.5	0	63.98	81.52	0	105.57	1.27	66.96	49.52	17.44	0.05	11.88	5.85	19.57	148	3.87	0.74	61.44	34.59	0	320.1	10.83	99.67	95.7	59.75	30.9	0	0.25	2.95	1.85	1.63	1.15	1.18	1170.72	271.74	258.41	4.56	8.77	22.85	255.6	218.44
195302	1273.29	448.57	325.52	284.71	40.81	1.41	121.64	824.72	144.82	0	60.71	84.11	0	109.35	1.21	69.31	49.26	20.05	0.14	12.74	6.11	19.84	138.16	3.78	0.64	62.2	36.13	0	318.65	11	104.12	99.93	61.94	32.67	0	0.41	3.01	1.89	1.82	1.17	1.21	1169.17	275.06	261.63	4.64	8.79	23.09	259.6	222.77
195303	1287.44	459.41	335.47	294.23	41.24	1.47	122.47	828.03	149.18	0	63.48	85.7	0	109.99	1.39	69.13	49.26	19.87	0.21	13.54	5.75	19.97	133.43	3.75	0.66	62.94	37.39	0	319.55	11.15	106.79	102.61	63.97	33.35	0	0.22	3.06	2.01	1.75	1.19	1.23	1180.66	280.3	266.67	4.75	8.88	23.3	259.9	230.27
195304	1306.94	460.02	334.21	293.09	41.12	1.52	124.29	846.92	152.05	0	64.27	87.78	0	109.58	1.3	68.04	49.37	18.67	0.15	13.87	5.99	20.23	145.75	4.15	0.71	63.65	38.51	0	321.24	11.29	110.13	105.84	65.7	34.61	0	0.32	3.13	2.07	1.83	1.21	1.25	1196.8	281.88	268.24	4.8	8.85	23.18	259.4	227.39
195401	1327.79	464.69	335.85	294.74	41.12	1.57	127.27	863.1	152.47	0	62.71	89.76	0	110.3	1.42	68.2	49.42	18.78	0.14	14.39	5.72	20.44	157.81	4.51	0.79	64.34	39.77	0	321.7	11.41	109.94	105.59	67.14	32.74	0	0.35	3.2	2.15	1.85	1.23	1.28	1217.85	283.99	270.31	4.85	8.83	23.18	262.2	227.59
195402	1351.92	467.69	340.1	298.81	41.29	1.63	125.96	884.23	154.32	0	61.64	92.68	0	110.06	1.3	67.56	49.55	18.01	0.14	14.68	5.62	20.76	174.53	4.9	0.83	65.02	41.21	0	321.9	11.49	114.22	109.67	69.87	34.01	0	0.28	3.27	2.25	1.99	1.26	1.29	1237.71	288.63	274.8	4.94	8.89	23.28	261.9	228.94
195403	1390.23	476.78	349.42	307.59	41.83	1.64	125.72	913.45	160.22	0	65.96	94.26	0	109.43	1.3	66.2	49.7	16.5	0.15	15.25	5.47	21.05	194.49	5.47	0.92	65.69	42.35	0	323.32	11.57	117.12	112.3	72.01	34.24	0	0.38	3.33	2.34	2.23	1.28	1.32	1273.11	296.2	282.09	5.08	9.04	23.65	264	235.58
195404	1412.23	486.71	357.67	315.37	42.3	1.67	127.37	925.52	162.93	0	66.03	96.91	0	109.49	1.07	66.09	49.97	16.12	0.15	15.96	4.85	21.37	198.84	6.11	1.02	66.35	43.86	0	325.26	11.67	122.39	117.14	75.04	35.96	0	0.44	3.38	2.32	2.61	1.3	1.34	1289.85	300.59	286.37	5.15	9.08	24.06	269	240.33
195501	1435.06	493.61	362.4	319.29	43.11	1.69	129.53	941.45	164.86	0	65.85	99.01	0	112.01	1.36	67.64	50.17	17.48	0.04	16.48	4.75	21.74	205.61	6.53	1.02	67.03	45.34	0	327.24	11.81	125.58	119.98	77.83	35.7	0	0.64	3.47	2.34	2.9	1.32	1.37	1309.49	307.21	292.79	5.25	9.17	24.57	273.9	241.46
195502	1477.37	506.18	372.63	328.34	44.29	1.73	131.82	971.19	164.97	0	63.38	101.58	0	113.91	1.46	68.24	50.18	18.06	0.12	17.51	4.55	22.03	228.79	7.19	0.91	67.74	47.82	0	327.96	11.92	132.48	126.78	81.25	38.76	0	1.19	3.52	2.06	2.97	1.34	1.41	1344.89	315.23	300.56	5.37	9.31	25.24	280.7	247.08
195503	1521.29	520.45	383.72	338	45.72	1.8	134.93	1000.84	170.15	0	67.09	103.06	0	116.21	1.5	69.18	50.18	19	0.23	18.36	4.68	22.26	244.54	7.26	0.99	68.5	50.19	0	331	12.01	138.16	132.3	84.61	40.54	0	1.49	3.57	2.09	3.07	1.36	1.44	1383.12	322.71	307.81	5.48	9.43	26.06	287.1	253.38
195504	1545.68	530.58	392.01	344.66	47.35	1.88	136.68	1015.11	172.39	0	66.97	105.42	0	117.62	1.35	68.84	50.23	18.61	0.61	19.17	4.98	22.67	248.25	7.84	0.9	69.25	51.97	0	334.72	12.17	143.51	137.6	87.53	42.95	0	1.65	3.61	1.87	3.04	1.38	1.48	1402.18	328.01	312.98	5.55	9.48	27.15	291.3	257.13
195601	1589.57	542.33	401.62	352.51	49.12	1.94	138.76	1047.24	174.05	0	66.53	107.52	0	120.9	1.83	70.47	50.4	20.08	0.72	19.57	5.17	23.14	266.7	8.56	0.97	70.1	53.89	0	339.83	12.25	145.36	139.39	89.96	42.25	0	1.29	3.67	2.21	3.03	1.41	1.53	1444.21	333.96	318.75	5.64	9.57	28.57	295.5	262.55
195602	1600.95	552.93	410.36	360.68	49.68	2	140.58	1048.02	175.46	0	64.97	110.49	0	122.48	1.68	70.18	50.32	19.86	0.96	20.44	5.62	23.61	257.23	8.61	0.84	71.01	55.1	0	344.93	12.36	150.53	144.47	92.81	44.28	0	1.28	3.75	2.35	3.04	1.45	1.57	1450.42	342.33	326.82	5.78	9.73	28.7	300.4	267.87
195603	1619.61	564.37	418.18	367.18	51	2.07	144.11	1055.24	180.07	0	67.98	112.09	0	124.35	1.6	70.63	50.24	20.39	1.12	21.31	5.79	23.91	252.08	8.51	0.87	71.9	56.68	0	348.34	12.43	154.06	147.91	95.73	44.98	0	0.73	3.81	2.66	3.03	1.49	1.62	1465.55	346.02	330.41	5.85	9.76	29.7	304.7	271.45
195604	1657.01	573.02	423.18	371.42	51.76	2.13	147.71	1083.99	183.45	0	68.75	114.7	0	124.88	1.42	70.23	50.14	20.09	0.96	21.9	6.11	24.27	271	9.05	0.88	72.72	58.24	0	351.23	12.55	158.79	152.51	98.32	46.58	0	1.04	3.89	2.67	3.08	1.53	1.67	1498.22	347.46	331.85	5.88	9.73	30.2	311.3	273.1
195701	1664.6	583.92	431.09	378.48	52.61	2.21	150.62	1080.68	185.85	0	67.97	117.88	0	127.85	1.84	70.88	49.55	21.33	0.93	22.54	6.85	24.81	256.79	9.11	0.82	73.47	59.6	0	354.53	12.67	159.89	153.66	100.35	45.24	0	1.42	3.99	2.65	2.96	1.56	1.71	1504.71	350	334.37	5.92	9.71	30.85	314.7	278.13
195702	1702.71	595.28	438.82	385.26	53.56	2.25	154.21	1107.43	187.08	0	65.66	121.42	0	128.64	1.62	70.74	49.09	21.65	1.15	22.81	7.04	25.28	275.13	9.69	0.81	74.14	62.27	0	356.92	12.75	164.91	158.4	102.55	47.22	0	1.91	4.11	2.61	3.15	1.59	1.76	1537.8	354.27	338.53	5.99	9.75	31.56	318.8	282.71
195703	1696.35	603.71	446.14	391.8	54.34	2.31	155.26	1092.64	191.99	0	68.65	123.34	0	131.13	1.71	71.65	48.6	23.05	1.1	23.53	7.35	25.79	248.02	9	0.83	74.78	63.41	0	360.65	12.83	168.07	161.6	104.95	47.97	0	1.61	4.22	2.85	3.05	1.63	1.8	1528.28	359.99	344.06	6.1	9.83	32.07	322.9	286.86
195704	1704.43	608.02	449.18	394.43	54.75	2.38	156.47	1096.41	194.31	0	67.8	126.51	0	131.94	1.72	71.51	48.23	23.28	1.46	23.85	7.18	26.23	244.49	8.71	0.89	75.46	64.59	0	363.1	12.91	171.23	164.98	106.99	49.22	0	1.42	4.36	3	2.75	1.66	1.84	1533.2	361.89	345.95	6.13	9.81	32.32	322.7	287.44
195801	1735.67	608.56	446.02	391.87	54.16	2.41	160.12	1127.11	197.56	0	67.65	129.91	0	133.2	1.98	70.95	48.15	22.8	1.21	24.38	7.98	26.69	260.6	9.46	0.95	76.18	66.7	0	369.43	13.03	170.41	163.85	108.52	46.78	0	0.56	4.5	3.5	2.99	1.69	1.88	1565.25	363.51	347.54	6.17	9.8	31.73	323.8	283.34
195802	1764.12	614.15	451.94	397.25	54.69	2.46	159.75	1149.97	197.91	0	63.9	134.01	0	132.14	2.03	71.19	48.03	23.16	0.82	23.32	7.3	27.48	276.37	10.61	1.05	76.96	69.11	0	372.77	13.05	174.01	166.96	110.73	47.7	0	0.05	4.63	3.84	3.42	1.73	1.9	1590.11	367.17	351.09	6.24	9.85	32.22	326.6	286.52
195803	1821.85	624.46	461.89	406.76	55.13	2.5	160.06	1197.39	206.46	0	69.59	136.86	0	131.17	2.06	68.65	47.86	20.78	0.8	23.79	7.76	28.11	308.04	11.79	1.12	77.75	71.97	0	375.93	13.16	177.41	170.23	113.6	47.94	0	0.16	4.73	3.8	3.48	1.77	1.93	1644.44	370.7	354.49	6.31	9.9	32.64	333.6	293.16
195804	1858.69	634.29	471.5	415.88	55.62	2.56	160.23	1224.4	210.41	0	70.13	140.28	0	132.66	1.82	68.64	47.7	20.94	0.83	24.62	7.92	28.83	322.29	13.24	1.16	78.54	74.95	0	377.92	13.24	183.28	175.81	116.8	49.49	0	1.01	4.82	3.69	3.69	1.81	1.97	1675.41	374.96	358.59	6.4	9.98	33.07	337.9	299.08
195901	1880.35	637.93	471.35	415.48	55.86	2.63	163.95	1242.42	212.78	0	70.02	142.77	0	135.72	1.87	69.98	47.47	22.51	0.92	25.46	8.22	29.28	330.01	14.13	1.27	79.33	77.01	0	378.8	13.38	185.75	177.95	119.46	48.99	0	0.53	4.94	4.02	3.72	2.06	2.02	1694.6	379.97	363.42	6.48	10.07	33.18	343	296.02
195902	1914.12	650.17	481.79	425.11	56.68	2.69	165.69	1263.95	215.91	0	69.27	146.65	0	136.93	1.88	69.46	47.04	22.42	1.52	26.07	8.11	29.89	343.08	14.97	1.12	80.13	80.08	0	378.2	13.51	192.82	184.83	122.88	51.88	0	0.84	5.08	4.14	3.82	2.1	2.07	1721.3	384.89	368.17	6.57	10.15	33.74	350.4	302.23
195903	1930.99	660.86	491.28	433.84	57.44	2.74	166.85	1270.13	222.27	0	73.29	148.98	0	139.99	2.06	70.45	46.49	23.96	2.01	27.06	8.15	30.26	337.47	14.75	1.03	80.99	82.24	0	377.73	13.66	198.81	190.87	126.51	53.92	0	1.03	5.24	4.17	3.66	2.15	2.13	1732.18	389.34	372.5	6.64	10.21	34.26	351.9	307.33
195904	1969.71	669.38	499.21	441.14	58.07	2.79	167.38	1300.34	223.86	0	72.38	151.48	0	142.78	1.61	71.59	45.91	25.68	2.27	28.36	8.22	30.75	357.29	15.82	0.99	81.96	85.03	0	378.8	13.8	205.74	197.67	129.64	57.21	0	1.24	5.43	4.15	3.69	2.2	2.19	1763.97	394	377.02	6.71	10.27	34.67	356.6	311.5
196001	1974.04	683.74	512.21	453.05	59.16	2.83	168.7	1290.31	224.33	0	70.89	153.45	0	149.64	2.74	75.47	45.74	29.73	1.63	28.97	9.54	31.29	335.31	15.31	0.98	82.9	86.26	0	381.65	13.93	206.64	198.79	131.95	55.76	0	0.74	5.63	4.71	3.37	2.24	2.24	1767.4	397.3	380.08	6.78	10.44	35.34	361.4	321.1
196002	1997.46	689.94	516.88	457.08	59.81	2.89	170.17	1307.53	226.1	0	68.92	157.18	0	151.01	2.78	74.18	45.61	28.57	1.91	30.07	10.01	32.06	343.26	16.1	1.01	83.77	89.3	0	382.93	14.05	213.36	205.36	134.77	58.62	0	1.37	5.89	4.71	3.42	2.29	2.29	1784.1	400.45	382.98	6.86	10.62	35.68	365.2	322.31
196003	1990.18	697.68	523.61	463.15	60.46	2.92	171.15	1292.51	233.15	0	72.76	160.39	0	151.1	2.84	73.6	45.58	28.02	1.29	30.5	10.09	32.77	316.78	15.64	1.06	84.54	90.16	0	385.9	14.18	217.94	209.84	138.02	59.59	0	1.28	6.09	4.85	3.5	2.27	2.34	1772.24	401.98	384.32	6.9	10.75	36.05	366.8	325.12
196004	2049.38	700.41	525.45	464.42	61.03	2.94	172.02	1348.97	237.57	0	74.13	163.44	0	150.92	2.55	72.19	45.64	26.55	1.03	31.01	10.61	33.52	359.77	17.03	1.14	85.18	93.87	0	389.17	14.33	223.36	215.1	140.85	61.25	0	1.89	6.25	4.87	3.57	2.31	2.38	1826.02	403.89	386.03	6.97	10.89	36.37	368.3	323.57
196101	2103.82	698.78	523.88	462.08	61.8	2.97	171.94	1405.04	240.72	0	72.17	168.54	0	151.29	3.05	72.1	45.91	26.19	0.36	30.77	10.64	34.38	402.59	19.44	1.54	85.87	97.9	0	391.22	14.48	224.07	215.41	142.99	59.34	0	1.57	6.45	5.07	3.93	2.31	2.42	1879.75	404.72	386.68	7.02	11.02	36.97	372.3	319.09
196102	2127.46	710.73	534.76	471.64	63.12	3.01	172.96	1416.74	244.26	0	70.29	173.97	0	152.16	2.96	70.68	46.05	24.64	0.23	31.61	11.48	35.2	402.13	20	1.28	86.67	100.81	0	394.78	14.64	230.12	220.88	146.02	60.6	0	2.61	6.66	5	4.38	2.41	2.45	1897.35	408.35	389.99	7.12	11.23	37.64	377.8	325.62
196103	2166.1	722.02	544.83	480.48	64.36	3.05	174.14	1444.08	249.9	0	73.29	176.62	0	153.62	2.91	72.3	46.23	26.07	0.24	31.18	11.03	35.96	412.57	21.01	1.21	87.59	103.42	0	399.96	14.8	234.2	224.96	149.51	61.08	0	2.35	6.84	5.18	4.33	2.44	2.48	1931.89	410.73	392.09	7.22	11.42	38.3	384.4	330.97
196104	2225.38	731.96	554.25	488.57	65.67	3.11	174.61	1493.43	254.49	0	72.93	181.56	0	154.85	2.19	71.94	46.45	25.5	0.59	32.51	10.84	36.78	443.22	22.88	1.19	88.63	107.22	0	405.99	14.97	241.2	231.59	153.3	63.44	0	2.61	6.98	5.27	4.6	2.5	2.51	1984.18	412.69	393.79	7.29	11.61	39.06	392.5	335.27
196201	2238.79	741.46	562.57	495.63	66.94	3.15	175.74	1497.33	259.01	0	71.27	187.74	0	156.51	3.09	73.08	46.6	26.48	0.57	31.47	10.97	37.33	433.05	22.98	1.12	89.66	108.99	0	410.91	15.1	242.45	233.09	155.72	62.04	0	2.81	7.15	5.38	4.26	2.55	2.55	1996.34	415.62	396.39	7.38	11.84	39.78	397.9	339.9
196202	2144.52	748.62	567.82	499.62	68.2	3.21	177.59	1395.9	263.77	0	69.03	194.74	0	156.89	3.11	73.11	46.66	26.45	0.41	31.38	10.95	37.92	329.79	18.26	1.38	90.65	106.32	0	413.61	15.25	249.63	240.56	159.52	65.44	0	2.7	7.36	5.55	3.9	2.58	2.59	1894.9	417.88	398.35	7.45	12.07	40.63	403.8	340.1
196203	2188.66	755.41	572.77	503.41	69.36	3.26	179.39	1433.25	271.69	0	71.55	200.15	0	158.86	3.34	74.84	46.82	28.02	0.29	31.85	10.19	38.35	348.41	18.8	1.08	91.56	109.27	0	418.19	15.39	255.7	246.26	163.58	66.63	0	2.8	7.58	5.68	4.21	2.6	2.63	1932.96	419.94	400.11	7.52	12.31	41.33	407.1	339.83
196204	2300.88	765.26	581.53	510.75	70.79	3.29	180.43	1535.62	279.93	0	72.52	207.41	0	158.2	2.99	73.72	46.97	26.75	0.24	32.09	10.21	38.96	431.23	20.91	1.23	92.4	113.73	0	422.45	15.55	263.25	253.48	167.48	69.34	0	3.12	7.74	5.79	4.48	2.63	2.67	2037.62	421.51	401.39	7.57	12.55	42.2	411.6	343.26
196301	2348.14	775.1	589.45	517.28	72.17	3.34	182.31	1573.04	288.17	0	74	214.17	0	156.02	3.85	70.57	47.32	23.25	0.01	31.67	10.66	39.27	455.64	22.16	1.18	93.36	117.12	0	423.69	15.7	265.88	255.94	170.44	68.94	0	2.63	7.93	6	4.56	2.68	2.71	2082.26	425.42	405.11	7.66	12.66	42.95	416.1	346.84
196302	2386.96	779.36	591.05	517.82	73.23	3.39	184.92	1607.6	294.41	0	72.84	221.57	0	156.99	4.36	70.55	47.58	22.97	0	31.64	10.39	40.04	477.3	23.31	1.16	94.38	121.42	0	422.78	15.86	275.49	264.65	174.91	72.22	0	3.38	8.11	6.03	5.33	2.76	2.76	2111.46	427.93	407.49	7.73	12.71	43.69	420.7	342.91
196303	2433.43	792.77	601.8	527.46	74.34	3.44	187.52	1640.66	302.09	0	75.75	226.34	0	157.99	4.75	71.96	47.85	24.11	0	31.13	9.88	40.27	497.41	24.12	1.19	95.47	124.65	0	421.74	16.02	283.13	271.68	179.71	74.36	0	3.09	8.27	6.25	5.79	2.85	2.81	2150.3	427.31	406.9	7.73	12.67	44.45	427.4	347.75
196304	2435.05	800.78	607.03	531.31	75.72	3.5	190.26	1634.27	310.63	0	77.28	233.35	0	159.79	4.2	72.88	48.15	24.73	0	32.09	10.14	40.48	469.9	24.82	1.22	96.64	127.97	0	427.14	16.18	291.96	280.18	184.07	77.87	0	3.51	8.41	6.32	5.99	2.94	2.85	2143.09	434.5	413.76	7.88	12.86	45.15	436.1	347.24
196401	2482.52	805.59	608.82	532.06	76.76	3.56	193.21	1676.94	313.77	0	74.75	239.02	0	162.14	4.65	74.23	48.38	25.85	0	32.48	9.96	40.83	499.44	26.43	1.25	97.72	132.53	0	427.27	16.39	295.99	284.2	187.75	78.04	0	3.28	8.61	6.52	5.82	3.07	2.9	2186.54	436.17	415.4	7.84	12.93	45.8	447	344.31
196402	2534.65	821.11	621.86	542.85	79.01	3.62	195.63	1713.54	321.6	0	75.27	246.34	0	163.62	5.4	74.49	48.59	25.9	0	33.11	9.51	41.11	515.08	27.16	1.15	98.81	137.41	0	432.11	16.61	305.48	293.59	192.41	81.81	0	4.07	8.79	6.51	5.83	3.12	2.94	2229.17	448.73	427.39	8.01	13.34	47.05	460.3	350.44
196403	2583.89	829.81	627.79	547.36	80.43	3.68	198.35	1754.07	332.31	0	80.31	251.99	0	164.84	5.04	74.47	48.8	25.68	0	34.14	9.63	41.56	532.32	28.52	1.15	99.91	141.25	0	436.9	16.86	312.33	300.5	197.08	84.14	0	3.53	8.99	6.77	5.67	3.17	2.99	2271.56	455.36	433.73	8.06	13.57	47.86	467.8	350.28
196404	2632.88	843.87	639.93	556.99	82.94	3.74	200.21	1789.01	339.17	0	79.92	259.25	0	166.17	5.17	73.56	49.06	24.5	0.25	34.85	10.29	42.05	544.13	28.45	1.67	101.05	144.77	0	446.44	17.16	321.16	309.4	201.38	87.35	0	4.83	9.16	6.69	5.52	3.2	3.04	2311.72	470.66	448.33	8.26	14.07	49.37	474.8	355.61
196501	2676.63	854.79	647.05	562.63	84.42	3.81	203.93	1821.84	344.8	0	77.86	266.94	0	168.81	6.23	76.55	49.27	27.28	0.02	33.77	10.11	42.12	557.83	29.75	1.62	102.15	148.66	0	450.75	17.48	324.68	312.83	204.81	87.65	0	4.01	9.36	7.01	5.48	3.27	3.1	2351.96	474.44	451.94	8.28	14.22	50.12	481.6	357.83
196502	2677.51	862.78	652.5	566.34	86.16	3.87	206.41	1814.73	351.52	0	78.1	273.42	0	169.35	6.71	76.14	49.37	26.77	0.62	33.79	9.67	42.43	534.57	29.29	1.9	103.38	151.42	0	455.48	17.82	334.24	322.21	209.26	92.24	0	3.96	9.56	7.19	5.49	3.38	3.16	2343.27	479.2	456.48	8.31	14.41	51.22	489.4	357.08
196503	2759.8	871.23	658.45	570.78	87.67	3.95	208.84	1888.57	363.3	0	84.21	279.08	0	170.55	6.42	75.98	49.5	26.48	0.91	34.92	9.98	42.34	581.09	32.05	2.14	104.66	157.54	0	459.08	18.18	341.25	329.22	214.06	94.39	0	3.53	9.8	7.46	5.31	3.49	3.23	2418.55	483.03	460.13	8.33	14.57	52.09	504.7	356.72
196504	2844.45	888.55	673.05	582.21	90.84	4	211.51	1955.89	373.28	0	86.52	286.76	0	170.22	6.04	74.76	49.7	25.06	1.13	36.53	9.19	42.56	616.1	34.41	2.53	105.88	162	0	472.94	18.54	350.68	337.89	218.55	97.49	0	4.41	9.97	7.47	5.87	3.62	3.3	2493.77	500.94	477.19	8.59	15.15	53.9	516.5	363.66
196601	2849.34	893.25	673.08	581.01	92.06	4.08	216.09	1956.1	377.74	0	85.48	292.27	0	177.85	6.75	78.94	49.77	29.17	1.84	37.67	10.1	42.55	596.56	35.33	2.79	107.05	165.2	0	474.68	18.9	353.88	340.74	222.23	97.1	0	3.28	10.27	7.87	6.02	3.73	3.39	2495.47	498.96	475.21	8.56	15.2	54.66	525.4	358.79
196602	2881.8	927.25	702.12	606.49	95.63	4.18	220.95	1954.56	382.29	0	84.4	297.89	0	180.69	6.73	76.49	49.94	26.55	4.95	38.78	10.38	43.37	571.13	34.55	2.61	108.19	167.44	0	488.49	19.17	363.27	349.83	226.16	100.21	0	5.03	10.71	7.71	6.15	3.82	3.48	2518.53	522.14	497.17	8.96	16	56.77	530.9	380.33
196603	2848.4	935.25	704.75	607.49	97.26	4.26	226.24	1913.15	387.96	0	87.88	300.08	0	187.35	7.46	79.21	50.03	29.19	5.72	39.06	11.96	43.94	512.75	31.3	2.49	109.35	166.8	0	495.64	19.51	367.35	354.14	229.34	100.99	0	4.38	11.42	8.02	5.75	3.89	3.57	2481.05	523.62	498.47	9	16.15	57.75	541.8	378.15
196604	2939.58	960.22	724.49	624.45	100.04	4.37	231.35	1979.37	394.4	0	88.88	305.52	0	190.8	8.29	79.06	50.25	28.81	5.85	41.15	11.88	44.56	548.26	33.85	2.73	110.57	172.49	0	506.38	19.88	373.9	360.45	231.89	103.42	0	5.13	11.94	8.06	5.82	3.97	3.66	2565.69	539.25	513.24	9.28	16.73	59.32	552.2	392.57
196701	3044.97	967.6	728.8	627.09	101.71	4.45	234.36	2077.36	403.9	0	88.34	315.56	0	190.99	9.86	77.76	50.46	27.31	5.84	39.69	12.94	44.91	617.51	38.23	3.46	111.84	181.08	0	509.91	20.46	373.47	359.48	233.38	101.35	0	4	12.32	8.44	6.18	4.07	3.74	2671.5	545.05	518.76	9.38	16.91	60.36	562.1	393.71
196702	3085.59	982.38	738.09	634.49	103.6	4.52	239.77	2103.21	415.6	0	89.1	326.5	0	186.98	9.81	74.71	50.68	24.03	5.72	38.33	13.12	45.29	622.98	39.28	3.81	113.07	185.67	0	514.94	20.87	381.15	366.38	236.25	104.13	0	4.83	12.66	8.51	6.72	4.24	3.81	2704.44	552.22	525.59	9.51	17.13	61.41	569.5	398.24
196703	3174.37	1000.73	749.58	643.93	105.66	4.6	246.55	2173.64	427.52	0	93.28	334.24	0	191.24	9.03	77.18	50.94	26.25	5.63	39.26	14.38	45.77	659.99	42.01	4.27	114.31	192.24	0	520.8	21.25	387.25	371.39	240.67	105.54	0	3.25	12.97	8.96	7.56	4.42	3.88	2787.13	561.03	533.98	9.66	17.39	62.56	580.2	403.26
196704	3256.64	1026.44	768.76	660.21	108.56	4.69	252.99	2230.19	439.72	0	99.29	340.43	0	196.33	10.14	78.93	51.22	27.71	6.27	38.21	16.31	46.49	682.13	42.97	4.94	115.54	195.63	0	531.27	21.66	398.13	380.71	245.14	108.57	0	7.52	13.26	6.22	8.87	4.6	3.95	2858.51	577.92	550.09	9.95	17.89	64.18	589.5	415.06
196801	3258.53	1055.85	791.75	680.23	111.52	4.76	259.34	2202.68	444.8	0	95.85	348.95	0	201.01	10.58	83.38	51.35	32.03	5.67	37.14	17.06	47.2	632.83	40.52	5.18	116.74	195.26	0	544.21	22.12	400.08	382.99	248.62	107.27	0	4.42	13.66	9.01	8.32	4.74	4.03	2858.45	593.04	564.47	10.19	18.38	65.9	606.2	431.61
196802	3407.83	1080.51	809.84	695.46	114.38	4.84	265.83	2327.31	452.36	0	97.6	354.76	0	203.89	10.81	82.04	51.48	30.56	6.48	38.07	18.86	47.64	718.68	45.97	6.2	117.92	207.23	0	552.47	22.59	412.46	393.4	252.94	111.4	0	5.72	14.42	8.92	10.14	4.8	4.12	2995.36	603.94	574.85	10.35	18.75	67.59	622.5	442.52
196803	3469.83	1101.67	823.14	706.3	116.84	4.92	273.6	2368.17	465.12	0	102.22	362.89	0	206.51	11.21	83.39	51.62	31.76	5.98	37.62	19.7	48.62	727.88	48.3	6.4	119.11	212.78	0	559	23.08	420.08	400.52	257.49	114.16	0	4.7	14.9	9.28	10.36	4.99	4.21	3049.75	609.56	580.19	10.41	18.96	68.98	630.2	448.82
196804	3645.61	1148.57	862.2	740.82	121.38	5.02	281.35	2497.04	479.44	0	108.67	370.78	0	206.75	12.17	81.64	51.87	29.78	6.12	36.49	21.36	48.97	815.33	49.53	7.04	120.32	218.72	0	576.32	23.59	433.22	412.27	262.25	119.32	0	6.21	15.32	9.17	11.5	5.15	4.3	3212.39	639.29	608.46	10.89	19.93	71.59	641.3	478.57
196901	3661.57	1179.86	886.76	761.95	124.81	5.1	288	2481.72	473.42	0	100.16	373.27	0	187.65	9.23	84.57	51.83	32.73	2.39	27.23	17.03	47.2	679.25	44.42	6.58	121.56	220.28	137.72	586.65	24.19	434.43	414.87	266.21	118.88	0	4.16	15.87	9.74	9.88	5.29	4.39	3227.15	654.13	622.48	11.22	20.44	73.42	648.6	495.73
196902	3668.04	1205.06	904.77	776.23	128.54	5.19	295.11	2462.98	480.26	0	101.44	378.82	0	187.6	10.63	77.72	51.81	25.91	4.23	30.11	17.99	46.92	644.43	42.12	6.02	122.81	223.83	135.68	595.49	24.74	445.62	426.24	271.25	123.68	0	5.01	16.56	9.75	9.45	5.46	4.48	3222.41	666.17	633.81	11.5	20.85	75.44	663.6	504.98
196903	3688.53	1223.3	916.92	785.06	131.86	5.3	301.07	2465.24	478.3	0	100.28	378.02	0	205.44	12.94	86.07	51.69	34.38	5.3	33.79	20.02	47.31	624.28	41.95	5.19	124.08	226.28	134.86	599.73	25.13	451.89	433.78	276.19	125.81	0	4.12	17.54	10.12	7.92	5.62	4.57	3236.64	670.84	638.13	11.67	21.05	77.38	685.3	508.87
196904	3706.21	1252.85	940.33	804.28	136.04	5.42	307.11	2453.36	483.59	0	105.28	378.3	0	217.03	14.8	88.17	51.77	36.4	7.24	36.38	21.32	49.12	578.08	41.48	5.22	125.36	230.94	135.24	610.6	25.83	463.29	444.59	280.48	129.23	0	6.77	18.3	9.8	8.2	5.82	4.69	3242.92	682.54	649.13	11.95	21.46	79.79	698.4	523.8
197001	3713.16	1261.96	945.14	806.12	139.02	5.52	311.3	2451.19	480.04	0	101.36	378.68	0	227.11	18.87	93.12	51.61	41.51	9.99	37.28	20.85	47	556.1	42.25	4.73	126.7	233.84	133.94	619.99	26.48	456.6	438.75	278.5	126.66	0	3.97	19.16	10.45	7.08	5.98	4.79	3256.56	688.74	654.97	12.1	21.67	81.6	710.1	527.62
197002	3628.44	1298.59	976.88	832.01	144.88	5.62	316.09	2329.85	494.35	0	107.45	386.89	0	222.4	20.98	83.38	51.59	31.79	10.64	37.22	22.31	47.87	439.4	33.79	4.16	127.98	225.79	116.82	638	27.17	463.12	445.77	281.46	129.42	0	4.46	19.9	10.53	6.35	6.1	4.9	3165.32	721.06	685.65	12.72	22.7	85.16	730.6	550.55
197003	3755.27	1304.69	976.9	830.44	146.46	5.7	322.09	2450.58	516.28	0	111.4	404.88	0	218.39	13.64	80.43	51.7	28.73	11.29	37.17	26.14	49.73	513.3	38.2	4.37	129.3	241.22	128.84	632.82	27.87	469.89	451.99	285.23	131.42	0	4.09	20.49	10.75	6.59	6.3	5.01	3285.38	708.5	673.65	12.53	22.32	86.4	747.6	545.2
197004	3879.43	1331.8	995.93	845.61	150.32	5.8	330.07	2547.63	531.93	0	112.5	419.43	0	216.32	12.5	77.52	52.09	25.43	11.47	35.38	29.47	49.99	562.29	40.44	4.35	130.7	253.75	137.93	641.37	28.54	478.69	460.21	289.02	133.66	0	6.08	20.9	10.55	6.91	6.46	5.12	3400.74	721.66	686.12	12.79	22.75	88.79	754.5	556.59
197101	4037.84	1366.64	1021.83	866.73	155.1	5.9	338.91	2671.21	553.67	0	113.12	440.55	0	210.37	10.59	74.47	52.53	21.94	10.52	33.84	31.69	49.25	614.33	45.77	4.83	132.2	267.83	150.49	662.52	29.2	481.62	462.78	292.73	134.07	0	3.45	21.33	11.19	6.99	6.65	5.21	3556.22	746.33	709.64	13.12	23.57	91.77	777.8	574
197102	4109.05	1399.19	1047.77	887.57	160.2	5.98	345.44	2709.86	574.39	0	118.79	455.6	0	206.23	9.17	70.86	53.18	17.67	8.81	33.46	34.25	49.68	609.68	45.99	4.7	133.79	274.42	152.6	678.24	29.83	496.19	476.24	298.68	138.91	0	5.98	21.64	11.04	7.86	6.8	5.28	3612.87	767.93	730.27	13.37	24.29	95.06	797.9	588.89
197103	4167.34	1427.57	1072.93	907.6	165.33	6.04	348.6	2739.77	589.42	0	120.8	468.63	0	209.82	8.82	73.24	53.77	19.47	9.78	32.98	36.44	48.56	593.36	45.14	4.6	135.42	282.43	155.98	693.16	30.45	508.95	488.01	306.24	143.47	0	4.95	21.95	11.4	8.47	7.12	5.36	3658.39	789.45	750.85	13.6	25	98.4	809	601.36
197104	4290.14	1453.37	1095.96	925.84	170.11	6.1	351.32	2836.77	609.11	0	125.81	483.29	0	204.04	8.6	69.19	54.42	14.78	10.55	31.87	36.53	47.29	638.2	48.09	4.89	137.06	293.49	163	707.8	31.1	525.23	503	313.01	149.24	0	7.31	22.27	11.17	9.45	7.34	5.44	3764.91	809.13	769.7	13.79	25.64	101.4	822.5	612.83
197201	4446.11	1505.13	1138.9	963.07	175.83	6.33	359.9	2940.98	626.38	0	124.64	501.74	0	204.64	7.61	71.7	55.2	16.5	8.82	32.06	36.84	47.61	672.75	49.8	5.17	138.72	308.28	172.41	731.04	31.79	532.95	508.62	319.77	148.85	0	5.68	22.65	11.67	11.27	7.5	5.56	3913.16	829.03	788.7	13.98	26.35	104.71	836.3	643.3
197202	4511.08	1533.97	1159.81	979.47	180.33	6.55	367.61	2977.11	644.16	0	124.67	519.49	0	202.31	6.5	70.15	56.04	14.11	7.7	32.11	37.73	48.12	668.19	48.87	4.93	140.43	319.27	173.82	742.63	32.5	552.62	526.59	328.27	156.22	0	7.64	22.95	11.51	12.66	7.67	5.7	3958.46	840.89	800.05	14.03	26.81	107.31	848.9	651.21
197203	4634.67	1581.5	1199.26	1013.84	185.42	6.85	375.39	3053.17	667.88	0	128.6	539.27	0	200.95	3.73	71.37	56.8	14.57	6.98	32.13	38.42	48.32	686.02	48.29	4.73	142.17	331.1	177.28	761.53	33.24	568.65	541.89	338.64	161.53	0	6.34	23.42	11.97	13.06	7.85	5.85	4066.02	863.56	821.7	14.25	27.61	110.16	874.3	675.2
197204	4891.57	1644.27	1256.38	1064.7	191.68	7.21	380.68	3247.3	691.34	0	137.24	554.1	0	199.46	3.42	72.17	57.67	14.5	4.9	32.38	38.4	48.2	797.41	50.57	5.02	143.93	349.33	187.14	789.07	34.02	587.15	559.91	348	168.76	0	7.62	23.61	11.93	13.08	8.18	5.98	4304.42	899.39	855.91	14.65	28.83	113.79	916.7	716.7
197301	4909.57	1687.18	1287.96	1090.66	197.3	7.54	391.68	3222.39	709.82	0	134.04	575.79	0	201.79	0.98	74.84	58.55	16.29	4.43	35.05	38.72	47.77	735.96	44.7	4.85	145.73	349.27	181.79	813.69	34.78	598.76	572.42	355.96	171.53	0.06	8.97	24.11	11.79	12.04	8.22	6.09	4310.81	923.07	878.65	14.86	29.57	116.44	938.4	734.7
197302	4953.7	1745.07	1333.95	1129.44	204.51	7.92	403.2	3208.63	727.78	0	136.58	591.2	0	204.57	2.65	75.38	59.48	15.9	4.21	35.68	38.5	48.16	677.02	40.13	4.52	147.59	349.08	175.2	847.19	35.55	618.48	593.17	366.42	180.4	0.14	9.77	24.56	11.88	10.6	8.52	6.19	4335.22	957.06	911.23	15.21	30.62	119.83	965.4	763.02
197303	5163.53	1814.46	1393.15	1180.18	212.98	8.29	413.02	3349.07	741.82	0	136.3	605.52	0	214.6	3.23	80.34	59.89	20.45	5.03	38.12	40.35	47.55	713.71	43.46	4.7	149.45	366.5	187.16	891.34	36.32	637.41	612.5	377.42	186.7	0.26	10.9	25.45	11.78	9.93	8.7	6.28	4526.12	1000.95	953.24	15.72	31.98	124.09	988.5	802.75
197304	5123.86	1864.24	1434.56	1213.9	220.67	8.6	421.07	3259.63	760.64	0	145.16	615.48	0	220.63	7.55	81.86	60.35	21.5	3.7	39.03	41.33	47.17	587.1	38.67	4.87	151.28	358.45	175	925.92	37.08	654.76	630.56	387.82	192.98	0.4	11.24	26.17	11.94	8.92	8.91	6.38	4469.1	1029.6	980.71	16.04	32.85	127.99	1021	826.08
197401	5146.63	1862.64	1423.66	1196.47	227.19	9.08	429.9	3283.99	776.42	0	141.04	635.11	0.26	229.75	8.01	89.37	61.12	28.24	0.93	40.69	42.64	48.11	556.05	36.39	4.61	153.06	367.68	177.9	944.32	37.82	659.14	635.16	395.77	190.46	0.58	9.2	26.71	12.43	8.28	9.17	6.53	4487.49	1059.42	1009.05	16.54	33.83	131.65	1035	800.69
197402	5127.4	1877.03	1421.82	1185.54	236.28	9.69	445.53	3250.37	793.42	0	139.98	652.87	0.57	233.06	10.98	83.88	61.93	21.94	1.99	42.4	44.91	48.9	494.71	32.98	4.29	154.79	367.68	167.29	963.59	38.55	680.02	655.92	406.46	196.78	0.79	12.21	27.58	12.1	7.79	9.6	6.72	4447.38	1090.43	1038.47	17.12	34.84	137.48	1055	779.08
197403	5061.87	1913.17	1434.28	1187.87	246.41	10.5	468.39	3148.7	804.2	0	142.51	660.3	1.39	253.23	15.27	87.68	62.53	25.15	6.34	47.3	46.76	49.88	366.34	25.62	4.03	156.55	348.14	144.57	1006.76	39.27	697.67	673.43	417.28	201.24	1.03	13.13	28.7	12.05	7.55	9.78	6.91	4364.2	1131.75	1077.7	17.88	36.18	143.81	1086.9	770.58
197404	5208.92	1971.63	1475.08	1219.31	255.77	11.44	485.11	3237.29	822.23	0	149.86	669.99	2.38	262.31	15.64	87.83	63.34	24.49	8.26	47.13	52.91	50.53	369.1	28.24	3.89	158.4	367.5	147.3	1038.31	40.01	710.64	686.1	425.09	201.93	1.3	16.84	29.38	11.56	7.39	10.06	7.09	4498.29	1166.93	1111.07	18.55	37.31	149.59	1109.5	794.22
197501	5473.03	2047.54	1539.43	1277.79	261.64	12.14	495.97	3425.49	833.33	0	136.92	692.79	3.62	262.06	23.34	84.69	64.35	20.34	5.86	47.39	56.13	44.64	455.51	33.09	3.85	161.45	400.15	165.67	1069.49	40.89	709.72	684.98	429.95	195.91	1.6	15.53	30.04	11.95	7.37	10.11	7.26	4763.31	1199.42	1142.1	19.01	38.3	153.35	1126	847.85
197502	5726.88	2119.9	1598	1332.6	265.4	12.65	509.24	3606.98	862.52	0	146.98	711.88	3.66	257.97	19.25	87.17	65.43	21.74	2.75	47.42	54.33	47.06	522.31	37.43	3.97	163.8	441.61	178.41	1097.22	41.76	723.54	698.42	439.9	195.93	1.94	18.42	30.6	11.63	7.48	10.21	7.43	5003.34	1223.44	1165.11	19.33	39	155.36	1193.1	892.7
197503	5704.98	2131.02	1597.98	1330.71	267.28	12.97	520.06	3573.96	879.74	0	149.49	726.54	3.71	268.66	14.52	95.79	66.41	29.38	1.36	48.97	58.6	49.42	455.34	32.64	4.24	165.86	443.1	165.12	1116.52	42.77	742.36	716.61	451.36	201.18	2.3	19.04	31.13	11.59	7.77	10.39	7.6	4962.62	1239.1	1180.21	19.5	39.39	155.9	1199	879.35
197504	5886.56	2186.83	1639.12	1369.08	270.04	13.29	534.42	3699.74	902.14	0	150.6	747.85	3.7	277.98	12.13	101.41	67.36	34.05	1.13	49.96	62.93	50.42	492.67	34.43	4.47	168.63	467	169.3	1139.1	44.02	765.8	739.22	463.9	207	2.7	23	31.54	11.07	8.29	10.56	7.74	5120.76	1266.42	1206.48	19.83	40.12	156.91	1231.5	905.18
197601	6102.24	2232.99	1672.4	1399.4	273	13.73	546.86	3869.25	924.87	0	146.24	775.07	3.56	276.6	12.77	100.14	68.46	31.68	0.35	52.14	59.9	51.3	573.12	37.67	4.9	170.62	496.22	184.68	1155.21	45.36	775.51	747.29	474.78	204.91	3.13	20.93	31.96	11.59	9.63	10.69	7.9	5326.73	1287.27	1226.78	20.04	40.45	158.22	1263.4	924.62
197602	6300.72	2315.23	1742.89	1463.68	279.21	14.11	558.23	3985.49	955.09	0	152.23	799.51	3.34	280.47	13.08	96.91	69.62	27.29	0.93	55.28	62.24	52.04	590.94	37.42	5.44	173.08	512.52	187.75	1195.93	46.85	801.88	771.97	488.74	213.15	3.58	22.75	32.45	11.32	11.22	10.64	8.05	5498.84	1339.84	1277.39	20.72	41.74	161.52	1284.5	974.95
197603	6428.4	2363.46	1778.75	1494.4	284.35	14.56	570.15	4064.94	979	0	154.13	821.54	3.32	282.22	10.49	97.03	70.92	26.11	0.28	55.37	66.17	52.87	599.08	35.8	5.56	175.3	521.49	192.34	1225.76	48.41	827.09	796.52	505.82	220.69	4.08	21.12	33.06	11.75	11.65	10.72	8.2	5601.32	1376.15	1312.53	21.13	42.49	164.34	1315.7	988.59
197604	6627.37	2431.66	1831.17	1541.6	289.57	15.08	585.41	4195.71	1011.94	0	160.55	848	3.38	283.42	8.18	94.25	72.02	22.23	4.61	52.46	71.14	52.78	630.11	36.21	5.73	177.82	534.52	195.86	1270.18	49.93	855.23	823.62	521.72	228.96	4.7	23.35	33.39	11.51	12.51	10.72	8.38	5772.15	1417.81	1352.83	21.64	43.34	167.05	1346.2	1019.89
197701	6732.86	2515.14	1899.12	1600.31	298.81	15.51	600.52	4217.72	1045.32	0	160.47	881.94	2.91	291.93	15.23	98.23	73.2	25.03	0.21	52.31	72.38	53.57	577.85	32.93	5.91	180.12	537.87	190.51	1303.61	51.67	871.91	839.57	535.95	229.16	5.45	23.86	33.58	11.57	12.94	10.82	8.58	5860.95	1468.26	1401.51	22.17	44.58	172.6	1372.6	1064.36
197702	6949.68	2625.71	1995.93	1689.41	306.52	15.89	613.89	4323.98	1069.99	0	163.59	903.45	2.95	291.2	19.45	89.01	74.45	14.56	0.03	56.38	71.93	54.4	593.62	36.13	6.18	182.56	557.3	195.2	1338.23	53.57	910.34	876.63	558.72	242.05	6.36	23.68	34.08	11.73	14.02	10.86	8.82	6039.35	1527.22	1458.37	22.84	46.01	176.16	1411.3	1130.69
197703	7115.14	2718.66	2071.67	1756.26	315.41	16.29	630.71	4396.48	1104.6	0	171.43	930.33	2.84	294.51	19.71	92.59	75.57	17.02	0.06	54.79	72.12	55.24	568.09	35.65	5.19	184.99	573.92	191.78	1382.24	55.51	948.59	914.65	584.53	252.95	7.29	23.13	34.7	12.04	13.98	10.9	9.06	6166.55	1597.42	1525.99	23.67	47.76	180.58	1454.2	1171.72
197704	7283.16	2823.15	2156.19	1831.94	324.25	16.69	650.28	4460	1127.73	0	174.66	950.05	3.02	290.23	22.59	94.92	76.76	18.16	0.27	56.33	60.79	55.33	536.42	35.58	5.74	187.81	589.86	194.03	1435.27	57.35	986.27	951.37	607.61	264.89	8.1	23.43	35.2	12.13	14.53	11.09	9.28	6296.89	1665.34	1591.48	24.44	49.42	184.89	1504.7	1224.33
197801	7452.05	2915.36	2229.94	1896.62	333.31	17.23	668.2	4536.68	1158.08	0	174.41	979.17	4.5	297.52	22.46	98.28	77.96	20.32	0.27	61.82	58.32	56.38	502.62	34.85	7.57	190.46	602.11	191.47	1492.86	59.14	1009.21	971.97	625.8	266.97	8.81	22.05	35.79	12.55	16.4	11.31	9.53	6442.84	1731.56	1655.41	25.25	50.89	189.31	1539	1270.83
197802	7760.76	3041.75	2334.15	1989.6	344.55	17.81	689.79	4719.02	1189.98	0	180.68	1003.55	5.76	306.45	29.3	93.45	79.12	14.34	0.05	68.91	55.77	58.97	533.89	36.76	8.94	193.53	635.74	201.25	1551.57	60.89	1058.9	1018.59	652.91	284.53	9.43	22.63	36.53	12.57	18.95	11.57	9.79	6701.86	1801.82	1723.28	26.09	52.45	195.02	1589.1	1336.69
197803	8063.41	3154.11	2424.4	2069.2	355.21	18.38	711.33	4909.3	1224.77	0	187.11	1030.81	6.85	314.19	28.78	98.7	79.95	18.75	-0.08	74.13	51.08	61.58	567.17	38.4	10.35	196.4	678.67	211.98	1604.73	62.65	1107.41	1064.89	683.88	298.02	10.04	22.52	37.49	12.94	20.73	11.72	10.06	6956	1867.5	1786.81	26.83	53.86	200.37	1630.5	1385.32
197804	8263.86	3269.39	2516.35	2149.42	366.93	18.93	734.11	4994.47	1247.35	0	188.06	1050.84	8.46	330.09	36.36	100.12	80.69	19.43	0.58	80.12	50.52	62.4	542.4	36.16	8.52	199.37	691.4	206.65	1668.07	64.47	1149.87	1110.5	713.74	311.31	10.7	23.14	38.61	13	17.15	11.88	10.35	7113.99	1936.3	1853.4	27.55	55.35	206.4	1674.7	1435.68
197901	8598.69	3419	2641.57	2262	379.57	19.52	757.91	5179.69	1267.38	0	181.53	1070.78	15.08	346.56	40.38	106.83	80.56	26.27	1.72	84.5	48.38	64.76	576.15	37.29	7.89	202	720.3	215.54	1740.22	66.37	1178.18	1139.07	738.61	313.82	11.4	22	39.71	13.54	16.33	12.12	10.67	7420.51	1998.44	1913.64	28.1	56.7	213.22	1725.8	1523.39
197902	8909.75	3569.19	2767.55	2373.2	394.35	20.07	781.57	5340.55	1295.7	0	193.36	1080.45	21.9	359.68	42.72	110.02	80.6	29.43	0.7	91.02	47.21	68.02	589.92	38.06	10.73	204.9	746.08	219.28	1807.9	68.31	1227.04	1184.81	768.77	327.32	12.12	21.51	41.12	13.98	18.96	12.26	11.01	7682.7	2091.16	2003.21	29.03	58.92	220.87	1760.1	1604.43
197903	9248.17	3691.57	2869.69	2459.97	409.73	20.57	801.31	5556.6	1339.8	0	205.01	1105.94	28.85	369.3	45.39	116.74	80.57	36.17	0.86	94.32	40.86	71.14	627.42	39.34	11.46	207.49	785.26	229.81	1876.43	70.28	1277.58	1233.68	801.56	341.53	12.85	21.07	42.37	14.3	20.25	12.3	11.36	7970.58	2182.54	2091.49	29.95	61.11	228.87	1813.9	1658.4
197904	9530.89	3802.51	2956.77	2534.06	422.72	21.06	824.68	5728.37	1364.51	0	205.5	1120.73	38.29	400.63	43.45	144.53	79.88	64.65	0.31	96.22	44.57	71.56	661.98	39.41	10.35	210.31	801.13	230.65	1937.11	72.28	1322.33	1280.55	831.17	354.62	13.6	22.39	44.41	14.37	17.46	12.63	11.69	8208.55	2258.87	2165.23	30.75	62.89	234.91	1874.3	1702.89
198001	9733.46	3947.75	3071.49	2638.3	433.18	21.88	854.39	5785.71	1392.74	0	194.78	1144.78	53.18	417.95	47.33	149.52	76	73.52	6.36	96.82	36.97	80.96	611.48	34.63	11.66	212.76	819.87	221.27	1988.93	74.42	1353.21	1309.59	861.2	349.66	14.34	22.93	46.71	14.74	18.74	12.89	12	8380.25	2336.94	2240.4	31.78	64.76	240.63	1944	1777.1
198002	10087.36	4052.79	3156.65	2712.37	444.28	22.64	873.51	6034.56	1429.38	0	197.1	1163.8	68.48	405.26	39.23	143.51	73.39	70.12	4.43	99.84	35.35	82.9	695.33	38.59	12.64	215.45	875.89	239.78	2046.16	76.09	1373.13	1329.17	879.11	345.64	15.06	25.58	49.28	14.5	18.62	13.06	12.29	8714.22	2405.86	2306.68	32.77	66.41	247.11	1955.2	1833.26
198003	10514.6	4194.26	3279.73	2823.87	455.86	23.35	891.17	6320.34	1475.99	0	215.3	1192.35	68.34	411.43	36.12	146.04	73.04	72.99	3.47	102.97	36.04	86.81	782.8	43.02	14.81	217.87	933.85	254.86	2107.98	77.72	1409.02	1363.06	906.72	350.34	15.82	24.42	50.82	14.94	19.97	13.4	12.59	9105.58	2475.55	2373.68	33.79	68.08	253.9	2021.2	1917.16
198004	10872.11	4271.71	3337.61	2867.24	470.37	23.94	910.16	6600.4	1520.5	0	219.28	1239.04	62.19	425.35	38.33	160.04	72.53	87.51	5.33	104.48	29.97	87.22	875.41	45.63	16.24	220.56	970.43	265.27	2181.56	79.45	1453.01	1401.52	932.01	358.04	16.7	27.84	52.1	14.84	24.74	13.81	12.94	9419.1	2553.42	2448.58	34.88	69.96	263.35	2115.5	1935.22
198101	11052.96	4333.61	3382.09	2899.63	482.46	24.59	926.94	6719.35	1558.88	0	223.15	1240.26	95.47	426.19	41.02	150.77	70.36	80.42	0.82	116.95	27.3	89.34	878.76	45.87	15.88	222.85	989.69	270.69	2229.05	81.48	1463.54	1414.41	946.21	353.9	17.63	26.98	54.25	15.43	21.81	13.97	13.36	9589.42	2616.98	2509.56	35.84	71.58	270.97	2161.9	1953.42
198102	11332.44	4532.67	3559.79	3067.34	492.45	25.21	947.67	6799.77	1593.95	0	229.01	1260.7	104.24	424.72	32.6	144.14	69.22	74.92	0.78	124.17	27.44	95.59	856.09	46.73	14.71	225.5	1008.98	275	2270.52	83.57	1501.13	1450.83	969.71	361.61	18.56	29.16	56.39	15.39	22.18	14.26	13.86	9831.31	2665.15	2555.82	36.54	72.8	276.48	2202.8	2097.63
198103	11417.27	4657.1	3665.4	3164.95	500.45	25.66	966.04	6760.16	1654.94	0	237.94	1285.2	131.8	436.46	25.24	153.46	68.3	85.16	0.09	131.88	26.19	99.61	720.16	43.21	13.3	227.71	1018.69	259.75	2300.38	85.56	1532.76	1482.92	987.49	371.93	19.66	29.22	58.83	15.79	21.07	14.43	14.35	9884.5	2703.92	2593.06	37.09	73.78	280.45	2289.6	2177.46
198104	11726.02	4729.27	3724.92	3213.9	511.02	26.08	978.28	6996.75	1716.79	0	261.35	1307.3	148.13	443.7	26.63	152.68	68.19	84.49	1.19	131.3	30.53	101.37	780.14	46.61	14.73	230.14	1064.96	271.62	2340.61	87.46	1565.21	1512.69	1003.72	377.88	21.1	33.48	60.96	15.54	23.02	14.78	14.72	10160.81	2746.34	2633.74	37.72	74.88	286.26	2330	2210.17
198201	11824.01	4840.73	3824.05	3300.05	524	26.41	990.27	6983.28	1742.27	0	255.06	1329.38	157.83	467.06	29.94	156.84	67.5	89.35	0.77	143.13	30.53	105.85	663.33	44.35	14.63	232.06	1094.6	259.97	2376.07	88.94	1567.56	1518.38	1013.42	373.54	22.86	29.73	62.46	16.37	19.25	14.93	15	10256.46	2787.25	2672.91	38.25	76.09	294.93	2359.7	2286.63
198202	11955.43	4883.55	3855.04	3322.27	532.77	26.81	1001.71	7071.88	1774.99	0	253.68	1353.33	167.98	491.47	35.82	161.51	67.44	94.07	0.76	159.98	24.68	108.71	639.52	44.28	15.38	234.1	1136	256.2	2389.65	90.29	1591.78	1542.4	1024.63	380.89	24.91	31.08	64.33	16.55	19.1	15.09	15.19	10363.65	2828.42	2712.31	38.81	77.3	300.63	2399	2297.64
198203	12198.14	4903.42	3868.48	3329.47	539.01	27.06	1007.89	7294.72	1826.95	0	263.92	1369.1	193.93	510.24	27.66	179.36	67.59	111.77	0.81	169.7	28.21	104.5	678.65	48.98	17.58	235.74	1234.34	267.58	2382.78	91.88	1603.46	1552.01	1023.26	386.82	27.19	31.71	66.04	17	20.8	15.31	15.35	10594.68	2852.3	2735.14	39.12	78.04	304.15	2447.2	2306.21
198204	12540.89	4953.2	3909.88	3367.18	542.7	27.23	1016.08	7587.7	1873.1	2.43	276.22	1414.13	180.33	506.68	30.27	169.36	68.35	101.01	1.22	170.59	24.38	110.86	832.46	57.26	17.84	237.96	1291.84	288.51	2385.92	96.12	1639.03	1582.12	1036.83	396.72	29.6	35.08	66.83	17.07	25.79	15.61	15.52	10901.86	2867	2749.23	39.24	78.52	305.42	2478.7	2330.35
198301	12875.98	5014.78	3959.66	3412.51	547.15	27.42	1027.71	7861.19	1914.49	2.54	280.39	1472.72	158.84	517.28	29.2	177.1	68.82	108.28	-0.03	181.16	20.15	109.7	913.78	67.3	21.35	239.87	1372.96	302.82	2412.08	99.26	1634.28	1575.69	1032.1	391.91	32.31	32.22	67.44	19.7	26.74	16.19	15.67	11241.69	2892.46	2773.94	39.49	79.02	306.2	2521.2	2380.4
198302	13233.48	5071.06	4003.9	3452.05	551.84	27.62	1039.54	8162.42	1945.39	2.49	287.44	1508.84	146.62	541.51	23.63	193.81	69.7	124.11	-0.87	198.22	15.39	111.33	1016.55	81.9	22.35	242.24	1478.57	322.34	2408.5	103.07	1688.24	1622.95	1059.93	403.84	35.46	34.1	67.88	21.74	32.76	16.72	15.81	11545.24	2914.19	2795.18	39.62	79.39	309.1	2564.3	2392.12
198303	13410.6	5133.27	4050.15	3490.04	560.11	27.85	1055.28	8277.33	2004.31	2.6	287.32	1565.75	148.64	577.05	18.07	212.04	70.57	141.48	0.16	211.41	24.79	110.58	986	84.69	21.58	244.29	1512.03	321.94	2417.71	107.73	1745.9	1678.85	1093.99	420.61	38.54	33.42	68.37	23.92	33.78	17.32	15.95	11664.7	2945.77	2825.97	39.81	79.99	314.7	2635.1	2396.05
198304	13551.2	5196.04	4092.33	3522.05	570.28	28.33	1075.38	8355.17	2053.68	6.94	283.64	1613.98	149.12	589.69	25	214.8	71.49	143.31	0.29	211.77	26.68	111.16	936.2	87.67	20.56	246.74	1540.96	318.12	2449.02	112.53	1807.22	1738.89	1123.12	444.88	41	35.61	68.78	25.51	34.18	18.05	16.1	11743.98	2991.05	2869.95	40.17	80.94	320.87	2712.9	2398.93
198401	13731.19	5382.41	4262.04	3684.85	577.19	28.69	1091.69	8348.78	2112.37	7.19	268.24	1674.73	162.21	603.16	24.25	230.52	72.25	158.28	1.31	218.74	17.56	110.77	880.26	90.83	18.38	248	1525.23	312.37	2450.74	107.46	1831.2	1764.8	1150.54	452.01	43.37	22.23	68.82	27.83	31.72	18.73	15.95	11900	3029.94	2907.96	40.34	81.64	324.09	2805.3	2534.3
198402	13953.32	5539.13	4393.02	3805.63	587.4	29.13	1116.98	8414.19	2186.26	7.28	276.93	1737.08	164.96	663.43	31	255.89	72.94	182.96	2.27	238.14	24.03	112.1	820.57	91.71	18.95	249.52	1521.65	311.1	2440.89	110.12	1893.25	1825.44	1184.21	479.8	45.65	17.18	69.14	29.48	32.66	19.55	15.6	12060.06	3076.04	2952.94	40.59	82.52	330.26	2885.4	2621.42
198403	14364.39	5684.01	4518.3	3920.65	597.65	29.52	1136.19	8680.38	2236.03	7.03	274.76	1789.04	165.21	699.31	32.75	272.02	73.7	198.32	4.87	252.67	22.73	114.28	860.47	101.72	18.4	250.88	1632.75	327.63	2440.6	112.59	1949.19	1883.23	1217.41	501.84	48.21	14.99	69.7	31.08	30.42	20.29	15.26	12415.2	3127.42	3002.99	40.89	83.54	335.39	2954.9	2703.24
198404	14697.92	5821.95	4634.95	4027.35	607.6	29.95	1157.05	8875.97	2333.15	6.9	295.06	1840.22	190.97	694.52	42	258.27	74.52	183.76	12.67	251.57	27.46	102.55	863.14	104.62	21.57	252.79	1710.82	331.1	2448.86	115.4	2017.66	1949.52	1249.07	526.58	51.17	22	69.81	30.89	31.83	21.19	15.11	12680.27	3173.22	3047.71	41.12	84.39	340.37	3002.4	2778.28
198501	15145.25	5967.27	4753.19	4137.37	615.82	30.29	1183.79	9177.98	2369.04	7.02	291.62	1872.85	197.56	764	35.25	278.66	75.44	203.22	11.33	277.11	38.63	123.01	930.04	119.48	20.99	254.9	1803.78	348.06	2450.19	117.5	2089.4	2021.9	1310.59	536.02	53.64	19.28	70.67	31.71	30.61	21.81	15.07	13055.85	3213.09	3086.64	41.22	85.24	345.49	3032.1	2826.78
198502	15542.45	6139.18	4901.02	4278.54	622.48	30.65	1207.5	9403.27	2412.14	6.81	299.16	1903.96	202.21	770.55	33.5	262.58	76.7	185.89	24.02	288.25	37.68	124.53	969.99	139.64	25.03	257.75	1902.87	361.4	2439.6	124.31	2167.58	2092.85	1348.55	559.59	56.01	28.23	68.95	31.51	36.88	22.68	15.18	13374.87	3243.75	3116.71	41.2	85.85	348.79	3117.6	2929.99
198503	15766.11	6321.35	5060.12	4429.16	630.97	30.96	1230.27	9444.76	2456.04	7.21	313.44	1937.52	197.87	789.2	36.75	278.67	78.25	200.42	18.51	302.74	32.18	120.35	897.72	157.39	24.92	260.56	1911.41	356.03	2456.71	134.78	2261.39	2183.4	1407.26	585.91	57.85	25.63	73.82	32.94	38.97	23.75	15.28	13504.72	3289.53	3161.3	41.38	86.86	352.91	3115.4	3021.9
198504	16508.83	6500.25	5214.91	4573.98	640.92	31.31	1254.03	10008.58	2483.95	7.79	312.63	1970.27	193.26	849.48	35	262.51	79.78	182.73	6.86	348.02	77.43	119.66	1058.14	197.88	35.05	264.34	2084.99	384.27	2506.18	144.31	2367.74	2277.51	1449.29	610.57	81.33	31.03	72.22	33.07	50.7	24.32	15.21	14141.09	3352.34	3222.25	41.77	88.31	357.15	3172.2	3124.69
198601	17059.64	6619.8	5312.49	4662.64	649.85	31.61	1275.7	10439.84	2535.29	7.95	321.37	1994.85	211.12	825.45	23.9	235.03	81.42	153.61	2.37	350.16	94.7	119.3	1205.79	245.47	40.98	268.27	2202.21	414.27	2554.16	147.96	2391.61	2298.76	1475.69	606.8	78.7	29.77	72.95	34.85	52.85	25.04	14.97	14668.03	3420.11	3288.19	42.06	89.86	362.32	3233.3	3186.95
198602	17473.45	6777.54	5439.26	4780.33	658.93	32.17	1306.11	10695.91	2591.32	8.13	353.95	2009.31	219.95	834.47	22.79	215.71	83.82	131.89	6.4	361.1	109.46	119.02	1269.46	272.01	39.03	272.86	2261.05	429.77	2574.07	151.86	2460.79	2367.79	1525.03	627.89	78.39	23.68	73.6	39.21	52.84	25.61	14.55	15012.66	3482.82	3349.28	42.29	91.25	367.75	3269.1	3255.3
198603	17614.3	6944.17	5563.21	4894.79	668.42	32.77	1348.19	10670.13	2649.52	8.45	375.36	2030.77	234.95	841.96	34.19	237.78	87.77	150.01	6.63	345.12	101.86	116.38	1152.09	299.82	37.03	277.44	2231.3	417.34	2606.32	157.31	2547.58	2451.95	1586.31	649.89	79.2	19.92	74.23	42.39	55.52	25.98	14.13	15066.72	3558.54	3422.89	42.68	92.98	372.9	3307.3	3308.48
198604	18226.65	7096.74	5679.61	5001.42	678.18	33.28	1383.85	11129.91	2720.94	8.75	425.05	2058.35	228.78	866.24	30.58	250.54	93.33	157.21	7.01	355.36	107.22	115.52	1330.29	333.19	44.02	282.6	2325.13	429.12	2635.79	162.6	2633.51	2535.61	1646.64	666.36	78.37	30.98	74.99	38.28	57.43	26.59	13.89	15593.14	3631.35	3493.69	43.05	94.62	378.53	3330.7	3354.78
198701	19009.55	7238.48	5793.07	5108.67	684.4	33.84	1411.58	11771.07	2716.48	8.69	393.2	2076.03	238.57	891.08	26.16	232.48	94.67	137.8	7.28	377.3	126.46	121.4	1574.9	390.74	42.66	289.6	2539.71	478.22	2677.8	169.88	2638.98	2542.15	1680.18	644.32	78.34	26.44	72.46	40.42	53.57	29.41	13.85	16370.57	3700.44	3561.09	43.5	95.84	382.03	3397	3428.49
198702	19375.74	7393.08	5917.28	5225.21	692.07	34.33	1441.48	11982.66	2744.81	8.53	407.13	2094.62	234.54	943.84	26.74	251.57	96.8	154.76	3.99	402.06	137.34	122.14	1552.24	420.4	41.59	295.99	2624.19	488.59	2694.39	176.63	2733.08	2631.97	1750.59	660.31	78.19	27.68	72.66	42.54	56.89	30.03	14.19	16642.66	3760.36	3619.7	43.86	96.8	387.24	3389.4	3474.62
198703	19883.89	7547.66	6038.34	5337.68	700.66	34.89	1474.43	12336.24	2788.65	8.4	416.5	2125.34	238.42	997.66	22.32	263.15	98.53	164.61	7.47	427.47	155.22	122.04	1626.03	429.6	41.35	303.3	2746.03	504.49	2716.09	183.04	2808.63	2704.6	1800.07	679.64	77.95	33.45	72.32	41.18	59.4	30.14	14.5	17075.26	3824.34	3682.27	44.24	97.84	393.36	3484.5	3537.61
198704	19474.45	7656.21	6123.02	5411.15	711.86	35.85	1497.34	11818.25	2864.52	9.76	427.38	2177.37	250.01	1027.56	32.91	281.08	101.1	179.98	11.93	453.55	123.91	124.2	1306.16	381.66	39.1	309.54	2497.25	442.12	2760.97	189.36	2840.41	2752.24	1824.96	698.64	78.07	31.85	74.32	44.4	41.8	31.27	15.09	16634.05	3890.71	3747.24	44.55	98.91	401.52	3562.2	3586.19
198801	19956.86	7796.54	6238.57	5513.26	725.31	36.68	1521.3	12160.32	2953.49	9.72	415.95	2250.85	276.97	1026.46	31.3	283.26	104.02	179.24	6.15	458.64	123.88	123.23	1391.48	406.63	40.21	315.69	2563.2	457.42	2812.14	193.61	2879.6	2792.13	1871.79	693.73	78.23	28.64	73.68	46.05	40.63	31.88	14.96	17077.26	3959.15	3814.29	44.89	99.97	408.99	3638.51	3641.47
198802	20446.27	8003.18	6409.9	5673.64	736.25	37.44	1555.84	12443.08	2971.33	10.13	420.61	2284.57	256.02	1082.42	39.3	313.38	106.17	207.21	2.41	476.89	126.48	123.96	1468.47	404.38	41.22	322.11	2639.64	467.8	2848.3	197.43	2964.44	2875.69	1937.78	710.13	78.42	27.72	74.22	47.43	41.23	32.49	15.02	17481.83	4028.85	3882.69	45.14	101.01	414.18	3711.35	3735.86
198803	20778.11	8156.55	6528.19	5781.53	746.66	38.2	1590.16	12621.56	3007.72	10.32	413.18	2326.45	257.78	1150.1	54.8	338.83	107.78	231.05	6.27	501.17	124.93	124.1	1483.64	401.23	38.87	327.58	2664.1	464.95	2881.15	202.22	3043.4	2952.98	1995.04	725.84	79.21	29.1	74.99	48.81	42.13	33.1	15.19	17734.71	4088.37	3941.33	45.27	101.77	419.32	3786.88	3786.5
198804	21300.47	8308.28	6643.02	5884.3	758.72	39.34	1625.92	12992.19	3055.05	10.71	424.54	2354.53	265.27	1228.48	67.3	366.07	109.56	256.51	28.36	524.22	116.62	125.91	1585.04	400.1	40.89	335.65	2748.14	470.3	2920.55	208	3139.94	3039.62	2049.87	745.21	79.86	29.99	75.69	59	43.51	41.27	15.54	18160.53	4162.34	4013.86	45.65	102.83	424.86	3858.24	3834.43
198901	21760.36	8447.85	6748.54	5979.14	769.41	40.65	1658.66	13312.51	3088.87	11.15	407.45	2378.53	291.74	1277.43	72.78	382.09	112.17	269.92	24.19	524.33	147.8	126.24	1657.64	401.73	41.74	339.42	2841.4	485.98	2966.99	211.31	3179.27	3079.57	2084.6	753.19	79.63	28.05	71.42	62.69	39.34	44.92	15.45	18581.08	4230.75	4081.1	46.06	103.59	430.88	3954.9	3894.54
198902	22260.05	8609.28	6883.25	6101.26	781.99	41.99	1684.04	13650.77	3107.55	11.03	403.37	2384.43	308.73	1278.06	59.63	397.34	114.02	283.32	13.62	526.54	151.2	129.73	1734.67	422.39	48.3	348.09	2981.9	514.1	3000.78	214.93	3265.53	3156.05	2141.53	769.62	79.97	26.98	72.55	65.41	44.64	49.28	15.57	18994.52	4319.39	4167.74	46.8	104.85	438.38	3993.42	3959.73
198903	22940.03	8832.28	7074.97	6282.99	791.99	43.42	1713.88	14107.75	3170.61	11.27	399.32	2420.08	339.94	1305.17	55.83	400.79	115.71	285.08	24.21	535.31	157.09	131.93	1882.22	444.73	44.68	353.88	3131.27	535.97	3019.95	219.29	3349.01	3235.34	2206.04	784.21	81	19.89	73.43	70.77	44.29	53.68	15.69	19591.02	4369.04	4216.76	47.12	105.16	444.15	4038.81	4076.95
198904	23351.58	8963.57	7179.09	6376.76	802.32	44.94	1739.55	14388.01	3211.69	11.87	424.09	2434.04	341.69	1316.08	56.93	364.67	117.73	246.95	49.32	547.71	162.91	134.53	1939.83	462.89	53.19	365.25	3221.06	541.37	3053.02	223.63	3450.12	3333.77	2273.63	809.29	83.32	20.41	74.32	72.81	42.54	57.44	16.37	19901.46	4429.8	4276.54	47.5	105.75	449.97	4099.6	4103.13
199001	23403.6	9040.83	7219.66	6418.79	800.87	46.09	1775.08	14362.77	3248.92	11.76	407.88	2461.12	368.17	1346.15	41.85	386.02	119.88	266.14	53.59	560.05	166.82	137.83	1824.33	449.49	51.06	371.33	3220.4	540.52	3078.6	231.99	3513.09	3394.7	2349.32	792.32	83.57	12.04	78.97	78.48	41.98	60.4	16.01	19890.51	4497.64	4342.83	48.03	106.78	455.96	4198.21	4069.47
199002	23728.7	9081.48	7239.06	6440	799.07	47.06	1795.36	14647.22	3233.02	12.31	417.13	2457.73	345.86	1384.9	38.23	392.78	121.87	270.92	61.92	571.58	180.75	139.65	1888.87	475.48	50.94	379.25	3350.37	559.24	3091.7	233.45	3587.17	3467.71	2410.41	798.71	84.48	11.71	82	80.4	40.02	63.41	16.02	20141.53	4544.95	4389.33	48.28	107.34	461.38	4268.13	4029.59
199003	23410.92	9142.67	7278.78	6478.14	800.64	48.31	1815.58	14268.25	3248.79	12.95	412.29	2460.24	363.31	1451.65	46.15	437.38	123.91	313.47	66.2	572.26	189.36	140.3	1558.2	441.87	55.22	385.29	3247.36	527.01	3114.72	238.15	3654.88	3536.41	2461.37	812.3	85.13	18.17	80.33	79.1	36.72	65.78	15.97	19756.04	4592.46	4436	48.53	107.93	467.38	4325.69	4016.76
199004	23957.72	9164.27	7277.83	6476.54	801.29	49.66	1836.78	14793.45	3259.06	13.43	412.11	2464.96	368.57	1555.26	63.17	471.23	126.21	345.02	68.9	574.97	233.51	143.48	1770.1	456.58	62.43	391.74	3376.28	551.7	3127.76	242.55	3719.28	3597.22	2504.14	824.39	86.64	17.85	81.66	82.53	38.81	66.79	16.46	20238.44	4623.77	4466.95	48.66	108.16	472.18	4351.27	3972.39
199101	24669.58	9282.54	7369.07	6570.99	798.08	51.08	1862.38	15387.05	3348.44	13.96	429.84	2486.4	418.24	1546.17	46.32	476.44	129.71	346.73	44.66	576.38	258.1	144.27	2012.87	515.26	59.42	399.94	3530.22	595.37	3134.92	244.46	3736.71	3614.37	2544.38	802.21	86.52	5.19	84.91	91.16	36.87	69.14	16.33	20932.87	4652.85	4495.74	48.85	108.26	479.51	4387.18	4026.61
199102	24728.35	9328.77	7402.76	6608.28	794.47	51.96	1874.06	15399.58	3287.26	13.96	426.68	2456.33	390.29	1581.2	29.46	488.88	133.18	355.71	43.43	595.01	278.24	146.18	1984.48	526.77	58.71	408.34	3585.73	600.16	3120	246.93	3805.87	3680.71	2605.45	801.31	88.08	8.38	85.49	92.01	37.56	71.5	16.1	20922.48	4691.16	4533.56	49.16	108.45	483.33	4441.77	4002.83
199103	25113.15	9370.29	7426.63	6632.07	794.56	52.91	1890.76	15742.86	3250.9	14.41	431.19	2424.84	380.46	1599.17	35.11	494.91	135.37	359.54	36.93	608.75	275.95	147.52	2109.5	570.79	68.63	413.07	3720	619.57	3141.78	249.45	3854.2	3719.42	2630.1	802.5	90.27	18.58	88.1	89.87	45.06	73.85	15.88	21258.95	4739.69	4581.41	49.56	108.72	486.04	4483.71	4001.97
199104	25761.89	9431.92	7476.42	6709.08	767.34	53.99	1901.5	16329.97	3253.05	14.57	461.32	2394.1	383.07	1633.74	33.25	502.68	138.12	364.56	38.67	614.41	299.02	145.7	2517.28	570.31	87.01	418.58	3854.29	639.3	3102.95	253.48	3934.29	3787.28	2683.49	815.58	90.59	13.09	89.08	95.46	55.07	76.2	15.74	21827.6	4742.95	4585.7	49.45	107.79	483.99	4544.51	4025.59
199201	25848.39	9566.47	7594.48	6838.99	755.5	55.49	1916.5	16281.93	3274.19	14.57	472.81	2384.87	401.94	1637.54	16.42	525.93	142.02	383.91	21.01	618.23	311.29	144.66	2443.41	594.04	71.76	425.92	3832.36	641.78	3103.26	257.67	3950.98	3806.41	2724.38	793.35	91.55	7.72	89.56	99.84	51.23	77.67	15.67	21897.41	4768.44	4611.78	49.28	107.38	487.3	4651.41	4114.61
199202	25889.59	9602.36	7609.27	6863.1	746.17	57.03	1936.06	16287.23	3234.38	14.95	483.42	2350.29	385.71	1629	20.58	534.18	145.36	388.82	-9.23	612.43	328.12	142.93	2406.21	648.98	65.08	430.54	3901.39	632.42	3076.88	262.37	3997.01	3845.89	2757.48	792.33	92.57	13.91	90.93	98.67	56.33	79.14	15.65	21892.58	4856.27	4698.25	49.69	108.34	492.76	4716.07	4105.62
199203	26216.93	9703.6	7692.3	6958.78	733.52	57.8	1953.51	16513.33	3205.49	15.5	511.72	2319	359.26	1641.61	20.75	553.89	150.33	403.56	-15.11	611.4	330.42	140.26	2511	666.12	78	440.2	3995.24	638.94	3069.63	267.1	4063.7	3911.58	2812.02	801.93	92.14	10.17	92.7	102.61	55.84	80.61	15.68	22153.23	4927.36	4768.66	49.86	108.85	497.76	4768.57	4146.75
199204	26920.11	9780.41	7745.68	7018.67	727.01	59.65	1975.08	17139.7	3219.43	15.6	569.77	2291.88	342.18	1675.04	29.91	598.28	157.27	441.01	-7.82	578.9	335.85	139.92	2857.11	706.69	76.23	447.71	4153.94	660.6	3071.55	271.42	4139.93	3988.62	2857.53	824.77	92.58	17.6	95.28	100.86	53.47	82.07	15.76	22780.19	5038.87	4878.19	50.43	110.25	505.58	4869.57	4161.13
199301	27208.65	9748.46	7699.23	6985.62	713.61	60.56	1988.67	17460.19	3170.25	15.45	546.27	2255.71	352.83	1696.07	33.5	622.58	163.63	458.95	-12.12	575.22	339.09	137.79	2941.09	766.42	86.8	456.23	4310.86	669.88	3087.44	275.15	4146.59	3987.35	2870.3	807.26	93.34	16.49	96.03	103.93	59.78	83.57	15.89	23062.06	5137.55	4975.86	50.61	111.08	512.28	4801.61	4115.31
199302	27499.66	9870.88	7791.92	7076.53	715.4	61.05	2017.91	17628.78	3155.66	15.35	567.19	2229.97	343.15	1670.4	37.5	624.2	166.54	457.66	-46.78	575.69	343.4	136.39	2961.65	832.13	86.95	465.83	4390.49	668.37	3118.9	278.41	4218.22	4058.09	2924.06	818.66	94.67	17.41	96.74	106.54	59.05	85.07	16.02	23281.45	5227.97	5065.58	50.67	111.71	519.49	4901.15	4152.47
199303	27956.15	9986.28	7879.33	7159.63	719.71	61.03	2045.92	17969.87	3152.11	14.7	588.65	2215.82	332.94	1615.9	40	601.23	169.09	432.14	-65.28	560.75	344.67	134.52	3090.18	901.56	99.75	475.16	4520.01	681.76	3150.53	282.9	4311.53	4141.44	2974.96	842.67	94.7	25.01	98.19	105.92	67.38	86.57	16.14	23644.62	5319.6	5156.58	50.71	112.31	526.44	4924.32	4184.67
199304	28448.35	10096.15	7957.77	7248.18	709.58	60.83	2077.55	18352.2	3155.84	15.76	614.98	2183.27	341.83	1650.77	45.51	645.63	171.93	473.7	-66.09	534.83	358.33	132.54	3223.51	969.18	102.27	484.81	4616.1	691.28	3173.07	285.37	4408.02	4227.56	3017.3	886.17	93.98	27.37	94.22	108.53	76.12	88.06	16.27	24040.33	5390.81	5227.87	50.52	112.43	533.87	5020.72	4230.89
199401	28428.48	10136.56	7972.28	7252.03	720.25	61.02	2103.26	18291.92	3134.42	15.72	583.85	2189.19	345.65	1715.56	45.67	674.65	175	499.65	-24.95	525.36	364.56	130.28	3048.04	993.35	110.76	491.13	4583.61	685.36	3240.87	288.82	4441.25	4258.46	3049.07	883.88	94.76	29.04	94.26	107.45	77.03	89.36	16.4	23987.23	5499.14	5335.27	50.58	113.29	540.58	4998.73	4202.96
199402	28644.61	10243.34	8046.66	7313.86	732.8	61.72	2134.96	18401.26	3087.95	16.85	582.2	2157.36	331.53	1773.45	46.14	712.11	177.14	534.97	-4.51	512.32	379.24	128.16	2993.4	1015.63	112.48	497.31	4655.09	680	3294.56	291.39	4524.77	4341.47	3094.16	918.58	95.99	31.49	95.2	106.05	76.1	90.66	16.53	24119.84	5583.35	5419.2	50.55	113.61	547.02	5118.09	4219.7
199403	29112.99	10351.41	8119.62	7377.56	742.07	62.23	2169.55	18761.59	3075.01	17.36	571.22	2165.94	320.49	1824.48	47.02	755.39	178.62	576.76	14.25	502.16	379.72	125.96	3047.46	1049.48	107.32	514.41	4824.83	701.07	3321.55	295.97	4618.86	4437.65	3140.98	960.14	96.54	34.98	100.95	104.06	72.57	91.98	16.67	24494.13	5696.14	5530.92	50.74	114.48	556.79	5197.51	4236.58
199404	29424.27	10416.76	8158.54	7405.38	753.16	62.55	2195.67	19007.51	3109.29	18.85	584.26	2153.7	352.49	1946.13	46.68	845.57	179.92	665.65	51	483.07	396.12	123.69	3081.62	981.9	108.97	520.35	4883.83	699.38	3376.53	299.52	4735.44	4550.36	3186.57	1020.99	97.59	40.04	103.65	101.51	75.05	93.23	16.8	24688.83	5823.31	5656.67	51.03	115.61	567.8	5293.1	4218.8
199501	30138.9	10550.26	8257.83	7498.73	759.1	63.16	2229.27	19588.64	3157.81	20.32	562.58	2197.94	376.97	1939.66	47.01	854.1	181.37	672.74	23.22	480.17	413.66	121.5	3306.75	1008.37	113.46	533.34	5074.13	723.61	3425.47	306.03	4766.55	4584.73	3213.93	1024.44	98.06	41.57	106.41	100.31	69.85	94.99	16.98	25372.35	5928.08	5760.07	51.41	116.6	575.29	5350.9	4284.8
199502	30944.32	10722.47	8406.74	7642.77	763.97	63.97	2251.76	20221.85	3227.63	22.46	569.86	2229.75	405.56	1905.45	47.35	844.68	182.56	662.12	16.85	452.74	423.79	120.04	3531.63	1063.62	113.13	547.87	5295.34	753.08	3471.61	312.5	4858.3	4675.59	3260.88	1062.74	98.69	45.48	109.62	98.19	68.74	96.8	17.16	26086.02	5985.88	5817.79	51.38	116.71	579.79	5376.29	4381.89
199503	31868.28	10894.51	8558.43	7783.49	774.94	64.41	2271.67	20973.77	3249.98	22.1	538.74	2264.67	424.47	1978.26	47.68	843.51	183.53	659.99	46.94	449.86	471.86	118.41	3797.27	1126.1	114.85	556.47	5520.21	783.04	3534.95	312.65	4973.41	4780.06	3313.04	1110.57	98.15	48.51	113.25	96.54	77.35	98.66	17.34	26894.87	6041.3	5873.22	51.31	116.77	586.73	5427.12	4470.45
199504	32631.77	11017.23	8656.66	7870.6	786.06	64.59	2295.98	21614.54	3297.79	23.36	543.5	2280.79	450.15	1956.47	48.01	806.49	184.99	621.49	73.83	429.17	482.64	116.34	4122.59	1153.09	127.57	566.19	5676.21	802.97	3595.43	316.25	5073.17	4875.97	3344.25	1168.4	98.29	57.42	115.67	91.93	78.59	101.09	17.52	27558.6	6104.97	5936.68	51.28	117	591.99	5478.55	4526.35
199601	33403.88	11173.33	8778.95	7983.71	795.25	64.96	2329.42	22230.55	3401.22	26.02	532.1	2349.55	493.55	1964.31	49.68	811.34	185.84	625.5	68.96	420.04	499.88	114.43	4278.76	1262.34	140.93	570.8	5832.72	818.93	3642.96	317.58	5129.54	4919.62	3391.33	1163.44	99.67	52.34	117.26	95.58	89.11	103.1	17.71	28274.35	6176.76	6007.96	51.38	117.42	595.47	5574.51	4592.37
199602	33996.89	11249.71	8839.84	8032.38	807.47	65.28	2344.59	22747.18	3377.51	27.69	514.85	2361.2	473.77	2056.02	51.34	806.67	186.5	620.18	123.31	421.05	541	112.65	4412.81	1364.43	136.82	578.91	5966.29	832.95	3702.26	319.17	5227.49	5014.63	3445.8	1196.6	101.43	59.65	117.92	93.22	89.85	105.1	17.91	28769.39	6257.6	6088.11	51.54	117.95	600.87	5656.55	4586.58
199603	34452.88	11358.14	8923.34	8104.33	819.01	65.98	2368.82	23094.74	3409.79	31.69	502.19	2392.85	483.07	2101.12	53.01	830.78	186.78	643.99	159.88	400.94	545.84	110.68	4415.54	1412.62	145.16	594.05	6091.59	841.98	3760.19	322.7	5324.35	5112.19	3504.69	1229.82	102.71	59.92	120.65	94.41	86.94	107.11	18.11	29128.53	6379.89	6208.63	52.02	119.25	611.88	5727.47	4599.64
199604	35584.94	11492.92	9033.58	8195.89	837.68	66.58	2392.77	24092.02	3440.51	35.47	470.24	2434.12	500.68	2154.81	54.68	868.92	187.01	681.91	171.62	394.02	556.89	108.68	4847.08	1501.23	162.86	610.65	6316.24	871.71	3860.14	326.8	5430.59	5208.75	3555.42	1272.37	104.91	57.97	121.47	96.61	94.41	109.12	18.31	30154.35	6464.15	6292.16	52.18	119.82	619.72	5795.23	4640.47
199701	35883.86	11645.66	9156.57	8288.23	868.34	67.35	2421.74	24238.2	3483.33	34.11	430.5	2481.48	537.24	2115.27	55.04	890.12	186.5	703.62	160.31	377.94	525.12	106.74	4809.99	1566.86	172	624.04	6338.07	856.85	3941.66	330.15	5471.34	5240.25	3599.55	1252.82	106.37	64.79	122.64	94.08	101.35	111.34	18.39	30412.53	6546.55	6372.4	53.49	120.66	629.44	5877.37	4688.69
199702	37663.18	11772.01	9270.87	8382.28	888.59	68.39	2432.75	25891.17	3498.37	34.46	439.04	2499.77	525.11	2100.23	55.41	830.83	186.34	644.49	175.4	392.27	541.42	104.9	5624.54	1760.94	188.66	639.64	6836.55	915.05	3993.53	333.66	5568.08	5325.65	3652.23	1275.33	109.95	73.06	124.19	90.89	110.39	113.56	18.47	32095.1	6628.09	6451.78	54.81	121.5	638.94	5936.61	4730.06
199703	38973.18	11963.77	9436.97	8524.46	912.51	69.75	2457.05	27009.41	3549.16	36.01	409.97	2547.83	555.34	2094.91	55.77	804.66	186.17	618.5	180.01	395.95	555.53	103	6020.24	1931.38	192.81	655.61	7210.18	952.42	4063.91	338.8	5695.22	5433.43	3739.35	1303.9	111.98	51.17	124.62	102.43	127.45	115.79	18.56	33277.96	6735.55	6556.35	56.37	122.84	650.23	6020.79	4785.11
199704	39694.37	12152.2	9594.66	8650.24	944.42	70.97	2486.57	27542.17	3615.42	37.18	436.4	2559.58	582.26	2142.47	56.13	782.78	186.5	596.28	223.55	412.98	565.97	101.06	6272.85	1957.66	215.45	664.96	7255.8	942.5	4135.57	339.48	5788.97	5521.15	3779.31	1342.14	114.9	66.47	123.18	95.15	131.17	118.01	18.64	33905.39	6836.53	6654.58	57.89	124.06	662.29	6120.42	4870.93
199801	41693.38	12407.51	9825.81	8843.43	982.39	71.97	2509.73	29285.87	3663.62	36.34	355.23	2632.65	639.4	2168.84	58.02	788	186.18	601.82	188.74	414.55	620.25	99.28	7050.56	2188.13	233.31	677.28	7752.52	1002.75	4205.82	343.04	5849.21	5570.35	3835.93	1323.64	119.12	72.28	123.41	95.97	140.06	120.19	18.61	35844.17	6917.85	6734.12	58.91	124.83	676.96	6255.94	5007.5
199802	42379.06	12635.92	10023.34	8997.19	1026.15	73.31	2539.27	29743.14	3651.96	37.71	375.14	2622.6	616.51	2270.93	59.9	770.65	185.97	584.68	223.4	433.96	685.42	97.59	7162.44	2279.75	248.35	690.6	7798.05	998.85	4297.53	344.68	5994.71	5701.93	3915.48	1366.31	123.07	75.75	124.15	97.17	151.51	122.38	18.89	36384.35	7029.26	6843.28	59.87	126.11	689.84	6357.65	5081.72
199803	41085.14	12902.12	10257.53	9216.11	1041.42	74.9	2569.69	28183.02	3700.37	39.21	362.89	2628.41	669.86	2267.45	61.79	753.27	185.89	567.38	273.36	421.85	661.37	95.81	6208.46	2110.8	277.83	693.52	7317.29	907.35	4350.91	349.04	6103.77	5811.77	3992.91	1396.83	124.21	70.64	124.59	102.6	149.05	124.57	18.38	34981.37	7166.63	6977.91	60.91	127.8	700.87	6448.07	5223.2
199804	43679.03	13154.82	10469.77	9407.41	1062.36	76.72	2608.34	30524.21	3853.62	38.34	421.9	2680.5	712.89	2268.96	63.67	747.48	186.63	560.85	288.89	416.01	654.66	98.25	7120.05	2397.14	276.68	718.26	8121.49	1000.95	4415.52	351.55	6256.86	5960.12	4084.84	1447.58	126.86	74.21	122.92	103.72	152.76	126.75	17.23	37422.17	7304.16	7112.73	61.97	129.45	711.89	6522.05	5322.58
199901	44533.43	13357.68	10642.88	9566.63	1076.25	78.55	2636.25	31175.76	3895.28	40.04	402.09	2686.14	767.01	2339.52	64.69	710.49	186.53	523.96	305.91	420.69	737.36	100.38	7366.41	2481.04	262.34	735.93	8266.23	1016.84	4458.9	353.28	6336.94	6029.98	4165.72	1440.41	128.88	69.34	118.58	107.04	160.65	127.8	18.52	38196.49	7450.34	7256.4	63.2	130.75	724.18	6586.67	5400.91
199902	45872.92	13653.94	10895.84	9791.16	1104.67	80.1	2678	32218.97	3830.11	41.69	362.67	2691.95	733.8	2353.86	65.7	675.61	186.48	489.13	329.08	435.91	744.78	102.79	7796.16	2661.7	270.39	749.81	8614.28	1061.66	4525.69	355.31	6490.78	6159.55	4261.73	1469.35	131.7	73.12	117.73	105.91	183.83	128.8	18.6	39382.14	7607.35	7410.57	64.55	132.23	736.14	6638.64	5529.44
199903	45463.64	13969.76	11165.7	10051.07	1114.63	81.38	2722.68	31493.88	3882.36	42.74	344.43	2746.57	748.62	2349.86	66.72	654.81	186.22	468.59	363.54	428.99	730.75	105.06	7312.01	2593.4	285.14	756.18	8352.47	1018.44	4581.57	362.46	6652.06	6317.68	4378.8	1508.86	134.41	68.61	118.02	108.98	185.84	129.9	18.65	38811.59	7747.8	7548.63	65.76	133.41	748.31	6708.2	5672.28
199904	49194.62	14235.3	11391.43	10254.24	1137.18	82.96	2760.91	34959.32	4031.88	43.55	364.25	2799.11	824.97	2403.97	67.73	832.97	186.45	646.52	361.93	435.63	599.24	106.47	9168.14	2987.37	323.88	783.86	9115.62	1130.41	4649.84	364.34	6833.15	6454.89	4459.48	1560.62	137.27	71.5	117.82	108.19	227.93	130.9	19.44	42361.47	7886.9	7685.34	66.99	134.57	762.15	6846.27	5794.76
200001	50384.4	14557.59	11662.36	10506.09	1156.26	84.64	2810.6	35826.81	4157.14	48.56	310.36	2890.7	907.52	2374.15	73.94	777.35	185.26	592.09	373.73	433.14	606.21	109.77	9322.43	3176.54	371.24	800.97	9339.4	1178.23	4741.03	365.68	6956.41	6520.58	4526.1	1554.4	138.05	74.09	117.47	110.47	286.47	130.65	18.7	43427.99	8082.31	7876.81	68.74	136.75	775.54	7059.16	5979.99
200002	50052.3	14891.17	11944.02	10750.91	1193.11	86.37	2860.78	35161.13	4146.74	53.61	265.64	2953.39	874.1	2374.42	75.15	661.87	184.63	477.23	413.74	454.03	657.3	112.33	8802.31	3083.85	359.46	806.52	9194.55	1155.51	4869.01	368.76	7104.19	6683.05	4635.98	1598.63	141.45	74.71	118.25	114.03	270.23	132	18.9	42948.11	8218.97	8011.04	70	137.93	787.16	7141.23	6114.92
200003	50405.42	15226.14	12241.87	11028.35	1213.52	88.25	2896.02	35179.27	4200.69	58	218.36	3017.66	906.67	2335.77	76.36	597.83	184.34	413.49	446.51	447.81	652.38	114.88	8583.31	3095.47	372.95	818.71	9261.1	1169.19	4969.65	372.46	7277.15	6851.17	4740.52	1660.94	141.86	68.5	119.34	120.01	273.87	133.36	18.75	43128.27	8340.26	8130.3	71.11	138.85	800.58	7266.42	6287.83
200004	49433.52	15527.69	12497.46	11264.46	1233	89.54	2940.7	33905.83	4339.54	63.5	229.03	3076.26	970.75	2341.79	82.57	619.25	184.75	434.49	439.9	438.04	644.63	117.39	7803.63	2832.81	412.43	819.1	8833.88	1095.78	5055.98	370.88	7415.12	7025.71	4828.93	1739.08	143.03	74.2	119.82	120.66	235.13	134.71	19.56	42018.4	8467.19	8255.08	72.25	139.86	815.22	7309.23	6435.53
200101	47962.02	15899.72	12821.49	11585.01	1236.48	90.49	2987.75	32062.3	4564.07	62	265.43	3183.62	1053.02	2278.04	83.34	576.14	184.75	391.39	344.04	457.91	697.46	119.14	6655.39	2542.06	412.03	823.04	8287.49	1000.47	5130.78	368.93	7447.31	7098.56	4906.87	1733.57	144.19	63.26	120.3	130.37	195.79	134.25	18.72	40514.7	8641.54	8426.4	73.57	141.57	830.36	7392.14	6678.14
200102	49178.66	16210.01	13100.07	11860.73	1239.34	91.74	3018.2	32968.65	4554.75	61	262.81	3210.02	1020.92	2225.52	84.11	483.59	185.46	298.13	346.62	489.93	699.98	121.3	7045.48	2731.54	412.91	840.3	8571.2	1024.65	5185.23	377.09	7626.36	7278.14	5050.93	1764.14	147.86	60.48	119.95	134.78	195.98	133.78	18.46	41552.3	8808.62	8590.69	74.81	143.12	846.51	7407.59	6809.8
200103	47476.54	16518.99	13376.78	12135.41	1241.38	92.92	3049.28	30957.55	4671.93	60.1	274.04	3260.82	1076.97	2180.44	84.88	480.54	186.4	294.13	360.01	480.21	651.6	123.19	5885.86	2405.93	494.79	843.98	7944.34	916.5	5224.17	389.61	7855.48	7444.83	5179.53	1793.24	149.99	68.14	120.99	132.94	258.06	133.32	19.26	39621.06	9021.25	8799.49	76.38	145.39	863.54	7622.78	6955.87
200104	49262.42	16784.56	13586.57	12353.22	1233.35	94.01	3103.97	32477.87	4799.73	58.5	330.88	3281.18	1129.18	2183.97	85.65	486.52	190.33	296.2	359.97	489.27	637.19	125.37	6601.9	2665.64	454.33	880	8332.52	960.71	5209.69	389.37	7996.96	7648.64	5295.7	1878.57	156.86	57.73	120.4	139.37	196.36	132.85	19.12	41265.46	9148.02	8924.61	77.14	146.26	870.63	7524.82	7057.52
200201	49822.45	17081.66	13850.96	12602.77	1248.19	94.64	3136.06	32740.79	4951	59	357.56	3425.06	1109.39	2194.44	84.7	471.84	191.9	279.94	355.15	515.88	638.94	127.92	6488.89	2703.03	427.5	894.16	8459.29	963.17	5265.63	393.68	8102.02	7756.07	5418.42	1858.42	158.97	55.82	120.35	144.09	191.99	134.52	19.44	41720.43	9193.91	8970.52	77.33	146.06	878.17	7737.84	7184.35
200202	48587.09	17445.34	14172.05	12912.27	1259.79	95.01	3178.28	31141.75	4891.9	62	330.57	3452.06	1047.27	2212.81	87.76	423.42	192.71	230.71	334.89	558.61	677.48	130.65	5627.25	2528.16	400.49	901.15	7959.85	893.54	5321.29	405.3	8262.54	7936.47	5572.73	1883.66	162.16	49.71	120.07	148.14	170.56	136.21	19.31	40324.55	9308.05	9083.14	78.01	146.9	890.08	7844.99	7339.54
200203	47138.29	17875.94	14552.84	13267.86	1284.98	95.38	3227.72	29262.35	4992.29	68.5	304.66	3557.46	1061.67	2093.28	92.8	423.57	193.25	230.32	276.01	554.2	613.23	133.46	4656.22	2228.48	401.31	902.88	7356.4	811.59	5405.73	414.17	8432.96	8125.34	5735.6	1914.51	163.9	31.85	120.4	159.07	149.62	137.97	20.03	38705.33	9411.48	9185.45	78.5	147.53	900.84	7848.98	7532.26
200204	48415.22	18207.37	14845.1	13550.23	1294.87	96.17	3266.11	30207.85	5073.34	74.16	353.49	3560.96	1084.73	2082.67	98.91	343.04	194.87	148.17	245.74	585.25	673.76	135.97	5045.18	2326.34	412.7	920.92	7614.18	840.87	5471.69	419.96	8690.79	8382.78	5923.27	1961.77	169.77	54.5	120.72	152.75	148.2	139.81	20	39724.43	9644.11	9413.98	79.98	150.16	914.99	7878.87	7626.96
200301	48590.22	18502.83	15113.35	13794.09	1319.27	96.46	3293.02	30087.39	5222.26	80.68	360.39	3707.37	1073.82	2013.76	105.01	384.57	196.87	187.7	218.48	586.82	580.13	138.75	4856.59	2292.41	429.64	936.27	7540.85	819.62	5544.68	431.3	8848.91	8527	6091.87	1934.3	173.61	50.4	120.02	156.8	159.53	141.69	20.7	39741.31	9876.03	9641.87	81.44	152.72	931.04	7976.53	7702.22
200302	50721.09	18809.05	15386.67	14047.11	1339.56	96.85	3325.52	31912.04	5208.01	74.81	340.38	3766.49	1026.33	2013.99	97.5	458.66	199.12	259.54	171.06	612.99	532.19	141.59	5551.99	2615.96	515.14	959.65	8107.75	877	5621.92	440.64	9203.92	8790.82	6312.87	1963.23	177.34	60.63	120.08	156.69	248.46	143.64	21	41517.17	9993.21	9757.82	81.94	153.45	938.47	8075.1	7734.24
200303	51799.88	19189.29	15734.17	14374.23	1359.94	97.87	3357.25	32610.6	5189.48	70.34	296.54	3840.59	982.01	2121.18	99.02	428.9	201.5	227.4	366.69	601.96	480.15	144.47	5707.01	2745.81	503.44	973.04	8298.73	885	5729.41	457.5	9420.15	9025.87	6510.77	2001.87	180.61	51.5	119.37	161.75	227.61	145.66	21.02	42379.73	10150.36	9912.87	82.76	154.74	948.84	8267.6	7863.46
200304	54329.9	19856.15	16369.82	14980.71	1389.11	99.27	3387.07	34473.75	5243.89	65.16	301.32	3892.38	985.02	2223.58	94.86	431.99	203.8	228.19	507.88	615.66	425.83	147.36	6412.85	3008.81	475.36	1013.15	8834.78	932.45	5866.9	461.99	9597.69	9246.53	6658.12	2050.14	183.89	93.88	119.25	141.25	182.5	147.74	20.92	44732.21	10378.45	10137.26	84.15	157.05	959.66	8320.6	8322.58
200401	55249.12	20246.08	16692.27	15283.76	1408.52	100.32	3453.49	35003.04	5457.22	84.92	333.92	4072.61	965.76	2065.47	100.26	380.22	204.41	175.82	412.49	623.65	398.56	150.28	6343.12	3204.52	512.99	1034.27	9007.65	955.05	5951.22	471.53	9792.5	9420.5	6844.99	2030.52	186.62	92.09	119.06	147.21	201.16	149.88	20.96	45456.62	10604.71	10359.9	85.51	159.3	978.46	8438.4	8438.76
200402	56169.83	20822.34	17204.35	15769.55	1434.8	101.79	3516.19	35347.49	5464.56	90.06	337.87	4129.92	906.71	2083.5	104.59	392.34	204.57	187.77	425.18	644.62	363.27	153.5	6362.91	3238.13	534.89	1052.67	9114.73	961.94	6055.15	479	10033.93	9642.93	7026.51	2044.42	190.84	110.92	119.17	151.08	217.19	152.08	21.72	46135.9	10934.11	10683.41	87.69	163.01	1004.37	8562.1	8743.04
200403	56974.59	21698.79	18041.02	16582.62	1458.4	101.76	3556.01	35275.8	5522.2	95.46	326	4232.61	868.13	2047.85	114.09	346.92	204.14	142.78	435.4	669.45	325.44	156.55	6132.71	3242.88	518.24	1065.72	9103.76	951.03	6200.3	491.09	10293.18	9907.47	7262.12	2087.41	191.29	91.12	118.95	156.59	209.56	154.35	21.8	46681.41	11211.26	10956.08	89.33	165.84	1035.26	8627.4	9320.5
